---
oneline: Age-specific interacted (Spec 2) response – ERA5_025
version: MORTALITY-AGE-SPEC-INTERACTED-ERA5_025
dependencies: agespec_interaction_response_ERA5_025.ster
description: 4th-order poly OLS; age×ADM2 & age×Country×Year FE; temp×income & temp×LR-temp interactions
csvv-version: aliabonanno- 4 Oct 2025
variables:
  tavg_poly_1: T1_sum [C]
  tavg_poly_2: T2_sum [C^2]
  tavg_poly_3: T3_sum [C^3]
  tavg_poly_4: T4_sum [C^4]
  lr_tavg: long-run mean annual temperature [C]
  deathrate_w99: mortality rate winsorized at 99th percentile
  loggdppc_adm1_avg: log GDP per capita
...
observations
 542617
prednames
tavg_poly_1, tavg_poly_2, tavg_poly_3, tavg_poly_4
covarnames
1, lr_tavg, loggdppc_adm1_avg
gamma
-.3595275589591481, .0259199828352775, .0244250537587849
.0412880084912406, .0002807330543381, -.0052315370973071
.0000371579289847, -.0000483590050998, -9.26512234187e-06
-.0000121777204644, 6.30760476568e-07, 2.81655011382e-06
-.2734556171865758, .0064187034883718, .0232657623060315
.0138777358465325, -.0001338823262534, -.0014377007188902
.0006906202895926, -.0000101809845867, -.0000629948304581
-.0000187098081729, 2.19209940305e-07, 1.96325414090e-06
-1.604696813919753, .0679582131679614, .1039992296605106
.1898049511208717, -.0011254351293293, -.0197113789934487
.0015387043877938, -.0001538755185898, -.0000811437456147
-.0000625805973335, 3.37411460643e-06, 7.25499252133e-06
gammavcv
.369688936512843, -.0025338580188144, -.0348183242634718, .0085192889790285, -.0000110686347387, -.0007934195418783, -.0018114800186208, 8.86445144498e-06, .000171598421043, .0000381955484992, -1.90192338083e-07, -3.65582406835e-06, .0428130173284261, -.0001929162369193, -.0041666297966545, .0010632070405192, -1.06762028501e-06, -.0000982502328389, -.000255551548269, 1.27253433871e-06, .0000243643706035, 5.40840919812e-06, -2.78399030532e-08, -5.22678010639e-07, .5249452076450438, -.0037033416670383, -.0496124743351834, .011338417125728, -.0001442741730235, -.0009983585771083, -.0036586507091893, .0000303387176641, .0003426000484529, .0000840770855627, -6.60600776511e-07, -7.97971275005e-06
-.0025338580188144, .0000712969808064, .0002012158678598, -2.15391358636e-06, -1.00209435495e-07, 1.49782440051e-07, .0000103695765888, -1.66404194597e-07, -9.00126762704e-07, -2.34574119092e-07, 3.54671251815e-09, 2.09566462016e-08, -.0002301484385136, .0000135459067684, .0000143263893554, 5.67246802518e-06, -1.34782094751e-07, -5.24541331979e-07, 1.09676999634e-06, -2.68517341066e-08, -8.84117350918e-08, -2.53995285045e-08, 5.96821856387e-10, 2.18764899089e-09, -.0009870010108042, .0000640082345526, .0000391108615603, .0000864013870018, 1.96561175508e-06, -7.12802089702e-06, .0000236687181396, -5.00337702801e-07, -2.02762454443e-06, -7.40348894643e-07, 1.37006800592e-08, 5.99361162861e-08
-.0348183242634718, .0002012158678598, .0033149424075426, -.0008899106792826, 2.21542118567e-06, .0000818165556152, .0001720592288478, -7.70087597607e-07, -.0000163976035093, -3.57871879244e-06, 1.58171709759e-08, 3.45584103987e-07, -.0040862893448257, .0000118360754679, .0004033495802117, -.0001118487188794, 3.98431702056e-07, .0000100964078094, .0000242866892984, -1.13183094112e-07, -2.33155053251e-06, -5.08328503595e-07, 2.34306695980e-09, 4.96138921916e-08, -.0512493507073834, .0003312175027375, .004885318069035, -.0012406797289236, .0000143163778455, .0001075848413108, .0003438951123701, -2.68341157327e-06, -.0000323765065244, -7.69168862595e-06, 5.53964876845e-08, 7.39726645645e-07
.0085192889790285, -2.15391358636e-06, -.0008899106792826, .0015328250477791, -.0000151613406049, -.0001400567165456, -.000051258207275, 4.70702341417e-07, 4.96954606685e-06, 1.70096712965e-07, -5.95607793614e-10, -2.58497282276e-08, .0003864889476099, -2.39660750875e-06, -.00005646314927, .0001762940110615, -3.86958810786e-06, -.0000136699917722, -3.46905057547e-06, 9.76462978118e-08, 3.97159437685e-07, -4.96558517849e-08, 2.59443813474e-10, 6.09635393209e-10, .02516606875695, .0003005417678499, -.0027977049489149, .0028521359503615, -.000024006221855, -.0002603850379873, -.0001879377425277, 3.59012243842e-07, .0000186900785825, 2.60994164965e-06, 5.91341411483e-09, -2.76206727407e-07
-.0000110686347387, -1.00209435495e-07, 2.21542118567e-06, -.0000151613406049, 6.25523392031e-07, 9.88359479926e-07, 5.74583225964e-07, -2.27600566538e-08, -5.63887148711e-08, -3.96554509912e-09, 1.52420125352e-10, 8.49727598496e-10, -.0000317314068987, 2.75175686310e-07, 3.17378795313e-06, -4.05497983685e-06, 1.30737798395e-07, 3.02509255136e-07, 2.96128988951e-07, -6.27433352378e-09, -2.79645703023e-08, -4.96989843065e-09, 7.33839593762e-11, 5.45057510379e-10, .0001218424683566, -4.29192214860e-06, -8.84908460286e-06, -.0000190750392394, 1.02237280467e-06, 1.21819969729e-06, 1.07906627334e-06, -3.93952807548e-08, -1.01098034107e-07, -1.78363980953e-08, 4.07308771289e-10, 2.13377389255e-09
-.0007934195418783, 1.49782440051e-07, .0000818165556152, -.0001400567165456, 9.88359479926e-07, .0000132720550213, 4.53289801537e-06, -3.25681060396e-08, -4.33036697817e-07, -1.25361365332e-08, 7.66809043260e-11, 1.47668220573e-09, -.0000136607936329, 1.47379164200e-07, 3.00941585712e-06, -.0000140845768248, 2.78207034247e-07, 1.11196755129e-06, 9.61139187977e-08, -5.14476245903e-09, -1.53531726931e-08, 9.02870272554e-09, -7.05136641141e-11, -5.37198130081e-10, -.002683610564888, -.0000286049969867, .0002946810496541, -.0002711052099225, 1.55558065551e-06, .0000253982131466, .0000184504937481, -4.70572967244e-09, -1.83628530588e-06, -2.62584360212e-07, -7.80000867781e-10, 2.70203259106e-08
-.0018114800186208, .0000103695765888, .0001720592288478, -.000051258207275, 5.74583225964e-07, 4.53289801537e-06, .000010569493311, -7.17881331874e-08, -9.98748336794e-07, -2.26701276745e-07, 1.36785700003e-09, 2.17922120173e-08, -.000261439250572, 6.53205213451e-07, .0000255568634674, -8.80892010693e-06, 1.09392652523e-07, 7.79360760554e-07, 1.84153914332e-06, -1.30045756584e-08, -1.74357085547e-07, -3.93828259790e-08, 2.50153000293e-10, 3.79882023893e-09, -.0025404281416886, .0000170849390722, .0002383190602177, -.0000387842993863, 1.31105705444e-06, 2.86842592246e-06, .0000196264942929, -1.91165816283e-07, -1.82608406484e-06, -4.65119901025e-07, 3.90431957411e-09, 4.42924445172e-08
8.86445144498e-06, -1.66404194597e-07, -7.70087597607e-07, 4.70702341417e-07, -2.27600566538e-08, -3.25681060396e-08, -7.17881331874e-08, 1.59352529299e-09, 6.43291518784e-09, 1.47613842417e-09, -2.43649065806e-11, -1.43989229350e-10, 2.76493559531e-06, -4.18959082881e-08, -2.50395949895e-07, 1.42929814708e-07, -4.48909429299e-09, -1.11993583223e-08, -2.10518169648e-08, 3.53319275549e-10, 1.92481412015e-09, 4.31185512968e-10, -5.72436343667e-12, -4.18545554378e-11, 6.14587031511e-06, -1.36704749851e-08, -5.52311424488e-07, 2.62804758401e-07, -4.48643583957e-08, -8.31797963399e-09, -1.57275965835e-07, 3.29044620088e-09, 1.41412185597e-08, 4.16266688129e-09, -6.39207823873e-11, -3.78216979132e-10
.000171598421043, -9.00126762704e-07, -.0000163976035093, 4.96954606685e-06, -5.63887148711e-08, -4.33036697817e-07, -9.98748336794e-07, 6.43291518784e-09, 9.48248191050e-08, 2.13154333062e-08, -1.19305328421e-10, -2.06472231990e-09, .0000245332868999, -4.52930868561e-08, -2.41211247172e-06, 8.43067449464e-07, -1.07841853763e-08, -7.37422222216e-08, -1.72928283275e-07, 1.18402404847e-09, 1.64292525384e-08, 3.68923303550e-09, -2.24273651650e-11, -3.57619060823e-10, .0002384437264699, -1.70385541716e-06, -.0000223495247433, 3.70010265808e-06, -1.21594824020e-07, -2.62476313390e-07, -1.80532856343e-06, 1.74919522126e-08, 1.68243002385e-07, 4.23418810384e-08, -3.48132683857e-10, -4.06215224039e-09
.0000381955484992, -2.34574119092e-07, -3.57871879244e-06, 1.70096712965e-07, -3.96554509912e-09, -1.25361365332e-08, -2.26701276745e-07, 1.47613842417e-09, 2.13154333062e-08, 5.62332546498e-09, -3.50216797112e-11, -5.31614154837e-10, 6.13724985108e-06, -8.45467417916e-09, -5.90273071290e-07, 1.07386218249e-07, -5.20639024171e-10, -1.08521601625e-08, -4.38595983743e-08, 2.70229190354e-10, 4.10332413191e-09, 1.03492381373e-09, -6.68571809587e-12, -9.66716404502e-11, .000047692124575, -6.02831902067e-07, -4.20065334107e-06, -9.25122672420e-07, -1.78350941645e-08, 9.98829281290e-08, -3.66485698547e-07, 4.53787796485e-09, 3.32663012696e-08, 1.00901650535e-08, -1.01879199966e-10, -9.40332049530e-10
-1.90192338083e-07, 3.54671251815e-09, 1.58171709759e-08, -5.95607793614e-10, 1.52420125352e-10, 7.66809043260e-11, 1.36785700003e-09, -2.43649065806e-11, -1.19305328421e-10, -3.50216797112e-11, 5.29470298286e-13, 3.04748898794e-12, -4.60459663515e-08, 7.19614530946e-10, 4.03637004728e-09, -8.70454600011e-10, 3.15081433343e-11, 7.82675087215e-11, 3.35014895241e-10, -4.75493610725e-12, -3.01519053370e-11, -7.81082478923e-12, 9.88798673309e-14, 7.07806615724e-13, -2.35968798622e-07, 3.58162618148e-09, 1.97838289968e-08, 7.12171473252e-09, 4.36907602180e-10, -6.92717211142e-10, 3.07496589818e-09, -5.50565355210e-11, -2.73963301793e-10, -8.92249890232e-11, 1.31914414280e-12, 7.72232432200e-12
-3.65582406835e-06, 2.09566462016e-08, 3.45584103987e-07, -2.58497282276e-08, 8.49727598496e-10, 1.47668220573e-09, 2.17922120173e-08, -1.43989229350e-10, -2.06472231990e-09, -5.31614154837e-10, 3.04748898794e-12, 5.12630278491e-11, -6.02644649798e-07, 6.48520584946e-10, 5.83156556744e-08, -1.31341568553e-08, 1.36457526402e-10, 1.22858027837e-09, 4.33973315260e-09, -2.83428032839e-11, -4.07508534488e-10, -1.00796798973e-10, 6.40678278496e-13, 9.53632805948e-12, -4.24730404707e-06, 5.68335034991e-08, 3.72057639092e-07, 8.27308479884e-08, 2.30855030303e-09, -9.83220639945e-09, 3.33437677472e-08, -4.41249715750e-10, -3.02519968108e-09, -9.11907484361e-10, 9.27465318756e-12, 8.62529782700e-11
.0428130173284261, -.0002301484385136, -.0040862893448257, .0003864889476099, -.0000317314068987, -.0000136607936329, -.000261439250572, 2.76493559531e-06, .0000245332868999, 6.13724985108e-06, -4.60459663515e-08, -6.02644649798e-07, .0355001834010081, -.0002647686428891, -.0032923923603216, .0003227174795241, 3.71380969686e-06, -.0000329626465359, -.0001472919530783, 7.59415821784e-07, .0000137626167889, 3.34836835578e-06, -1.85037654120e-08, -3.15318638355e-07, .2164638675264158, -.0018888130677845, -.0196798326496682, -.0023984164021728, -.0000234480425804, .0002590905342081, -.0009517922703272, 8.46383597424e-06, .0000883253284336, .0000248024324766, -1.81125864869e-07, -2.36547996721e-06
-.0001929162369193, .0000135459067684, .0000118360754679, -2.39660750875e-06, 2.75175686310e-07, 1.47379164200e-07, 6.53205213451e-07, -4.18959082881e-08, -4.52930868561e-08, -8.45467417916e-09, 7.19614530946e-10, 6.48520584946e-10, -.0002647686428891, 8.85896685620e-06, .0000194674896064, 7.22432213684e-06, -1.81414559035e-07, -6.45940586939e-07, 3.25054099954e-07, -8.64884265244e-09, -2.15428278196e-08, -9.37253972356e-09, 2.31857860605e-10, 7.19097455775e-10, -.0014447432719097, .0000448818948636, .0000953094465044, .0001231565255606, -1.13492205001e-06, -.0000108245256753, 3.09784221553e-06, -9.73109840092e-08, -2.05233982097e-07, -1.65778871489e-07, 3.52364741797e-09, 1.18765228997e-08
-.0041666297966545, .0000143263893554, .0004033495802117, -.00005646314927, 3.17378795313e-06, 3.00941585712e-06, .0000255568634674, -2.50395949895e-07, -2.41211247172e-06, -5.90273071290e-07, 4.03637004728e-09, 5.83156556744e-08, -.0032923923603216, .0000194674896064, .00031037235397, -.0000410745920286, -1.06385004260e-07, 3.98967172438e-06, .0000143048953923, -7.12052561947e-08, -1.34696003785e-06, -3.21023370566e-07, 1.64267070523e-09, 3.05114649140e-08, -.0202837240543188, .0001437819153965, .0018888646275507, .0000691294648686, 4.44088301960e-06, -.0000110985056808, .0000944334002571, -7.85852231016e-07, -8.87424834283e-06, -2.34010264901e-06, 1.50932038970e-08, 2.27552923780e-07
.0010632070405192, 5.67246802518e-06, -.0001118487188794, .0001762940110615, -4.05497983685e-06, -.0000140845768248, -8.80892010693e-06, 1.42929814708e-07, 8.43067449464e-07, 1.07386218249e-07, -8.70454600011e-10, -1.31341568553e-08, .0003227174795241, 7.22432213684e-06, -.0000410745920286, .0000917649499053, -1.67204031158e-06, -7.97465808364e-06, -4.76176960860e-06, 6.06111189895e-08, 4.61552356664e-07, 6.76178373348e-08, -5.78121209666e-10, -7.24057867359e-09, .0024832500194189, .0000776698452413, -.0003293847986315, .0007676377197109, -.0000123061963861, -.0000693280594466, -.0000401037104072, 4.18862776549e-07, 3.86917316176e-06, 5.43635766628e-07, -3.80489765102e-09, -5.51794480489e-08
-1.06762028501e-06, -1.34782094751e-07, 3.98431702056e-07, -3.86958810786e-06, 1.30737798395e-07, 2.78207034247e-07, 1.09392652523e-07, -4.48909429299e-09, -1.07841853763e-08, -5.20639024171e-10, 3.15081433343e-11, 1.36457526402e-10, 3.71380969686e-06, -1.81414559035e-07, -1.06385004260e-07, -1.67204031158e-06, 5.12616510539e-08, 1.30207835971e-07, 5.40829626790e-08, -1.73134803691e-09, -5.46084722259e-09, -4.83008268302e-10, 1.54078176277e-11, 7.25478681400e-11, .0000360213916788, -1.65320040668e-06, -1.28512495377e-06, -.0000152586120007, 3.89260757793e-07, 1.26709764352e-06, 4.65738526253e-07, -1.29078351580e-08, -4.62771726812e-08, -2.66604177177e-09, 1.07914226152e-10, 4.11745361365e-10
-.0000982502328389, -5.24541331979e-07, .0000100964078094, -.0000136699917722, 3.02509255136e-07, 1.11196755129e-06, 7.79360760554e-07, -1.11993583223e-08, -7.37422222216e-08, -1.08521601625e-08, 7.82675087215e-11, 1.22858027837e-09, -.0000329626465359, -6.45940586939e-07, 3.98967172438e-06, -7.97465808364e-06, 1.30207835971e-07, 7.09715682326e-07, 4.35796099287e-07, -4.90933541177e-09, -4.18822624550e-08, -6.48109513467e-09, 5.12187852898e-11, 6.66930850108e-10, -.0002535486314853, -6.75185811563e-06, .0000317530646283, -.0000652534867377, 9.61243772744e-07, 6.01747410253e-06, 3.62708145775e-06, -3.42430155133e-08, -3.47230116100e-07, -5.33408164122e-08, 3.68866243201e-10, 5.18223143311e-09
-.000255551548269, 1.09676999634e-06, .0000242866892984, -3.46905057547e-06, 2.96128988951e-07, 9.61139187977e-08, 1.84153914332e-06, -2.10518169648e-08, -1.72928283275e-07, -4.38595983743e-08, 3.35014895241e-10, 4.33973315260e-09, -.0001472919530783, 3.25054099954e-07, .0000143048953923, -4.76176960860e-06, 5.40829626790e-08, 4.35796099287e-07, 9.30868808111e-07, -6.17698078797e-09, -8.78609136441e-08, -2.03315520445e-08, 1.20681077063e-10, 1.94664598544e-09, -.0007942164552042, 4.43469760293e-06, .0000753541341903, -8.76564769195e-06, 7.08869275402e-07, 3.72596974017e-07, 5.83398395416e-06, -6.51746140606e-08, -5.44922463962e-07, -1.41505098545e-07, 1.15367091469e-09, 1.37777531846e-08
1.27253433871e-06, -2.68517341066e-08, -1.13183094112e-07, 9.76462978118e-08, -6.27433352378e-09, -5.14476245903e-09, -1.30045756584e-08, 3.53319275549e-10, 1.18402404847e-09, 2.70229190354e-10, -4.75493610725e-12, -2.83428032839e-11, 7.59415821784e-07, -8.64884265244e-09, -7.12052561947e-08, 6.06111189895e-08, -1.73134803691e-09, -4.90933541177e-09, -6.17698078797e-09, 1.10921763150e-10, 5.68816971238e-10, 1.20468080074e-10, -1.71872718169e-12, -1.17690107750e-11, 2.16709009128e-06, -3.34733100775e-08, -1.88919875511e-07, 2.25165441066e-07, -1.46778251718e-08, -1.59305192248e-08, -4.06849840017e-08, 1.01049117232e-09, 3.62268432007e-09, 9.91853925126e-10, -1.86104847275e-11, -8.96854709287e-11
.0000243643706035, -8.84117350918e-08, -2.33155053251e-06, 3.97159437685e-07, -2.79645703023e-08, -1.53531726931e-08, -1.74357085547e-07, 1.92481412015e-09, 1.64292525384e-08, 4.10332413191e-09, -3.01519053370e-11, -4.07508534488e-10, .0000137626167889, -2.15428278196e-08, -1.34696003785e-06, 4.61552356664e-07, -5.46084722259e-09, -4.18822624550e-08, -8.78609136441e-08, 5.68816971238e-10, 8.32263804293e-09, 1.91115252756e-09, -1.08963988030e-11, -1.83851034034e-10, .0000758046932724, -3.76002952440e-07, -7.28223722775e-06, 1.14848617299e-06, -7.02212432757e-08, -6.09353822720e-08, -5.57603209143e-07, 6.01011261678e-09, 5.23971932653e-08, 1.32121532292e-08, -1.01595420921e-10, -1.29992217244e-09
5.40840919812e-06, -2.53995285045e-08, -5.08328503595e-07, -4.96558517849e-08, -4.96989843065e-09, 9.02870272554e-09, -3.93828259790e-08, 4.31185512968e-10, 3.68923303550e-09, 1.03492381373e-09, -7.81082478923e-12, -1.00796798973e-10, 3.34836835578e-06, -9.37253972356e-09, -3.21023370566e-07, 6.76178373348e-08, -4.83008268302e-10, -6.48109513467e-09, -2.03315520445e-08, 1.20468080074e-10, 1.91115252756e-09, 4.69492456733e-10, -2.73893757178e-12, -4.43664442673e-11, .000017336691464, -1.48286192812e-07, -1.59433545015e-06, -2.20265842224e-07, -1.15654623252e-08, 3.03361446260e-08, -1.18613717576e-07, 1.40391803731e-09, 1.09895509889e-08, 3.18583362778e-09, -2.70630780450e-11, -3.08124529035e-10
-2.78399030532e-08, 5.96821856387e-10, 2.34306695980e-09, 2.59443813474e-10, 7.33839593762e-11, -7.05136641141e-11, 2.50153000293e-10, -5.72436343667e-12, -2.24273651650e-11, -6.68571809587e-12, 9.88798673309e-14, 6.40678278496e-13, -1.85037654120e-08, 2.31857860605e-10, 1.64267070523e-09, -5.78121209666e-10, 1.54078176277e-11, 5.12187852898e-11, 1.20681077063e-10, -1.71872718169e-12, -1.08963988030e-11, -2.73893757178e-12, 3.42733532757e-14, 2.49708222885e-13, -6.76132491543e-08, 1.92857157535e-09, 4.87307875888e-09, 2.15989976275e-09, 1.65912455920e-10, -2.43353357108e-10, 7.23314123681e-10, -1.84946640910e-11, -6.18436139056e-11, -2.23747560397e-11, 4.16493590285e-13, 1.90928101519e-12
-5.22678010639e-07, 2.18764899089e-09, 4.96138921916e-08, 6.09635393209e-10, 5.45057510379e-10, -5.37198130081e-10, 3.79882023893e-09, -4.18545554378e-11, -3.57619060823e-10, -9.66716404502e-11, 7.07806615724e-13, 9.53632805948e-12, -3.15318638355e-07, 7.19097455775e-10, 3.05114649140e-08, -7.24057867359e-09, 7.25478681400e-11, 6.66930850108e-10, 1.94664598544e-09, -1.17690107750e-11, -1.83851034034e-10, -4.43664442673e-11, 2.49708222885e-13, 4.23759999992e-12, -1.63388297793e-06, 1.17453038888e-08, 1.53267247611e-07, 1.04029991318e-08, 1.27375028258e-09, -2.08807748376e-09, 1.14688263889e-08, -1.31125057931e-10, -1.07170277286e-09, -2.97279412985e-10, 2.33109735764e-12, 2.92682292500e-11
.5249452076450438, -.0009870010108042, -.0512493507073834, .02516606875695, .0001218424683566, -.002683610564888, -.0025404281416886, 6.14587031511e-06, .0002384437264699, .000047692124575, -2.35968798622e-07, -4.24730404707e-06, .2164638675264158, -.0014447432719097, -.0202837240543188, .0024832500194189, .0000360213916788, -.0002535486314853, -.0007942164552042, 2.16709009128e-06, .0000758046932724, .000017336691464, -6.76132491543e-08, -1.63388297793e-06, 4.950751161632569, -.0306655657515476, -.4701287411709789, .1244671502074334, -.0003886929843359, -.0121134316237033, -.0220789823061064, .0001213914399849, .0020963118763821, .0004639113312816, -2.78033220166e-06, -.0000435932099997
-.0037033416670383, .0000640082345526, .0003312175027375, .0003005417678499, -4.29192214860e-06, -.0000286049969867, .0000170849390722, -1.36704749851e-08, -1.70385541716e-06, -6.02831902067e-07, 3.58162618148e-09, 5.68335034991e-08, -.0018888130677845, .0000448818948636, .0001437819153965, .0000776698452413, -1.65320040668e-06, -6.75185811563e-06, 4.43469760293e-06, -3.34733100775e-08, -3.76002952440e-07, -1.48286192812e-07, 1.92857157535e-09, 1.17453038888e-08, -.0306655657515476, .0012206603982108, .0021327433219301, .0012275889270703, -4.99554391714e-06, -.0001270549540107, .0000546036892014, -2.28420863268e-06, -3.98315531982e-06, -1.92642480062e-06, 5.78719489122e-08, 1.50818044820e-07
-.0496124743351834, .0000391108615603, .004885318069035, -.0027977049489149, -8.84908460286e-06, .0002946810496541, .0002383190602177, -5.52311424488e-07, -.0000223495247433, -4.20065334107e-06, 1.97838289968e-08, 3.72057639092e-07, -.0196798326496682, .0000953094465044, .0018888646275507, -.0003293847986315, -1.28512495377e-06, .0000317530646283, .0000753541341903, -1.88919875511e-07, -7.28223722775e-06, -1.59433545015e-06, 4.87307875888e-09, 1.53267247611e-07, -.4701287411709789, .0021327433219301, .0454643501859806, -.0142174519605882, .0000649502502639, .0013697678503756, .0021820623421559, -.0000109368824124, -.0002088142372177, -.0000446905112432, 2.33540584799e-07, 4.24979428519e-06
.011338417125728, .0000864013870018, -.0012406797289236, .0028521359503615, -.0000190750392394, -.0002711052099225, -.0000387842993863, 2.62804758401e-07, 3.70010265808e-06, -9.25122672420e-07, 7.12171473252e-09, 8.27308479884e-08, -.0023984164021728, .0001231565255606, .0000691294648686, .0007676377197109, -.0000152586120007, -.0000652534867377, -8.76564769195e-06, 2.25165441066e-07, 1.14848617299e-06, -2.20265842224e-07, 2.15989976275e-09, 1.04029991318e-08, .1244671502074334, .0012275889270703, -.0142174519605882, .0198806116401325, -.0002206656921698, -.0018412806450631, -.0010506876192447, 6.79126666704e-06, .000103480859754, .0000135787184081, -5.12037490156e-08, -1.38349732887e-06
-.0001442741730235, 1.96561175508e-06, .0000143163778455, -.000024006221855, 1.02237280467e-06, 1.55558065551e-06, 1.31105705444e-06, -4.48643583957e-08, -1.21594824020e-07, -1.78350941645e-08, 4.36907602180e-10, 2.30855030303e-09, -.0000234480425804, -1.13492205001e-06, 4.44088301960e-06, -.0000123061963861, 3.89260757793e-07, 9.61243772744e-07, 7.08869275402e-07, -1.46778251718e-08, -7.02212432757e-08, -1.15654623252e-08, 1.65912455920e-10, 1.27375028258e-09, -.0003886929843359, -4.99554391714e-06, .0000649502502639, -.0002206656921698, 7.56788617614e-06, .0000169552549119, .0000109985570938, -3.14540538956e-07, -1.07203559071e-06, -1.54888471722e-07, 3.56174557342e-09, 1.79753287210e-08
-.0009983585771083, -7.12802089702e-06, .0001075848413108, -.0002603850379873, 1.21819969729e-06, .0000253982131466, 2.86842592246e-06, -8.31797963399e-09, -2.62476313390e-07, 9.98829281290e-08, -6.92717211142e-10, -9.83220639945e-09, .0002590905342081, -.0000108245256753, -.0000110985056808, -.0000693280594466, 1.26709764352e-06, 6.01747410253e-06, 3.72596974017e-07, -1.59305192248e-08, -6.09353822720e-08, 3.03361446260e-08, -2.43353357108e-10, -2.08807748376e-09, -.0121134316237033, -.0001270549540107, .0013697678503756, -.0018412806450631, .0000169552549119, .0001744705971352, .0000996711803607, -5.13432465014e-07, -9.77254723239e-06, -1.34290501977e-06, 4.77635039134e-09, 1.31165413839e-07
-.0036586507091893, .0000236687181396, .0003438951123701, -.0001879377425277, 1.07906627334e-06, .0000184504937481, .0000196264942929, -1.57275965835e-07, -1.80532856343e-06, -3.66485698547e-07, 3.07496589818e-09, 3.33437677472e-08, -.0009517922703272, 3.09784221553e-06, .0000944334002571, -.0000401037104072, 4.65738526253e-07, 3.62708145775e-06, 5.83398395416e-06, -4.06849840017e-08, -5.57603209143e-07, -1.18613717576e-07, 7.23314123681e-10, 1.14688263889e-08, -.0220789823061064, .0000546036892014, .0021820623421559, -.0010506876192447, .0000109985570938, .0000996711803607, .0001434619872862, -1.05655553864e-06, -.0000136242218465, -3.00427449623e-06, 2.18560223919e-08, 2.82320994548e-07
.0000303387176641, -5.00337702801e-07, -2.68341157327e-06, 3.59012243842e-07, -3.93952807548e-08, -4.70572967244e-09, -1.91165816283e-07, 3.29044620088e-09, 1.74919522126e-08, 4.53787796485e-09, -5.50565355210e-11, -4.41249715750e-10, 8.46383597424e-06, -9.73109840092e-08, -7.85852231016e-07, 4.18862776549e-07, -1.29078351580e-08, -3.42430155133e-08, -6.51746140606e-08, 1.01049117232e-09, 6.01011261678e-09, 1.40391803731e-09, -1.84946640910e-11, -1.31125057931e-10, .0001213914399849, -2.28420863268e-06, -.0000109368824124, 6.79126666704e-06, -3.14540538956e-07, -5.13432465014e-07, -1.05655553864e-06, 2.38006613236e-08, 9.59993281151e-08, 2.44099693870e-08, -4.44952736755e-10, -2.24031477057e-09
.0003426000484529, -2.02762454443e-06, -.0000323765065244, .0000186900785825, -1.01098034107e-07, -1.83628530588e-06, -1.82608406484e-06, 1.41412185597e-08, 1.68243002385e-07, 3.32663012696e-08, -2.73963301793e-10, -3.02519968108e-09, .0000883253284336, -2.05233982097e-07, -8.87424834283e-06, 3.86917316176e-06, -4.62771726812e-08, -3.47230116100e-07, -5.44922463962e-07, 3.62268432007e-09, 5.23971932653e-08, 1.09895509889e-08, -6.18436139056e-11, -1.07170277286e-09, .0020963118763821, -3.98315531982e-06, -.0002088142372177, .000103480859754, -1.07203559071e-06, -9.77254723239e-06, -.0000136242218465, 9.59993281151e-08, 1.29909340093e-06, 2.81683326380e-07, -1.93385164401e-09, -2.66487532100e-08
.0000840770855627, -7.40348894643e-07, -7.69168862595e-06, 2.60994164965e-06, -1.78363980953e-08, -2.62584360212e-07, -4.65119901025e-07, 4.16266688129e-09, 4.23418810384e-08, 1.00901650535e-08, -8.92249890232e-11, -9.11907484361e-10, .0000248024324766, -1.65778871489e-07, -2.34010264901e-06, 5.43635766628e-07, -2.66604177177e-09, -5.33408164122e-08, -1.41505098545e-07, 9.91853925126e-10, 1.32121532292e-08, 3.18583362778e-09, -2.23747560397e-11, -2.97279412985e-10, .0004639113312816, -1.92642480062e-06, -.0000446905112432, .0000135787184081, -1.54888471722e-07, -1.34290501977e-06, -3.00427449623e-06, 2.44099693870e-08, 2.81683326380e-07, 7.10057766254e-08, -5.90598730024e-10, -6.52151345369e-09
-6.60600776511e-07, 1.37006800592e-08, 5.53964876845e-08, 5.91341411483e-09, 4.07308771289e-10, -7.80000867781e-10, 3.90431957411e-09, -6.39207823873e-11, -3.48132683857e-10, -1.01879199966e-10, 1.31914414280e-12, 9.27465318756e-12, -1.81125864869e-07, 3.52364741797e-09, 1.50932038970e-08, -3.80489765102e-09, 1.07914226152e-10, 3.68866243201e-10, 1.15367091469e-09, -1.86104847275e-11, -1.01595420921e-10, -2.70630780450e-11, 4.16493590285e-13, 2.33109735764e-12, -2.78033220166e-06, 5.78719489122e-08, 2.33540584799e-07, -5.12037490156e-08, 3.56174557342e-09, 4.77635039134e-09, 2.18560223919e-08, -4.44952736755e-10, -1.93385164401e-09, -5.90598730024e-10, 1.05589455670e-11, 4.98851976519e-11
-7.97971275005e-06, 5.99361162861e-08, 7.39726645645e-07, -2.76206727407e-07, 2.13377389255e-09, 2.70203259106e-08, 4.42924445172e-08, -3.78216979132e-10, -4.06215224039e-09, -9.40332049530e-10, 7.72232432200e-12, 8.62529782700e-11, -2.36547996721e-06, 1.18765228997e-08, 2.27552923780e-07, -5.51794480489e-08, 4.11745361365e-10, 5.18223143311e-09, 1.37777531846e-08, -8.96854709287e-11, -1.29992217244e-09, -3.08124529035e-10, 1.90928101519e-12, 2.92682292500e-11, -.0000435932099997, 1.50818044820e-07, 4.24979428519e-06, -1.38349732887e-06, 1.79753287210e-08, 1.31165413839e-07, 2.82320994548e-07, -2.24031477057e-09, -2.66487532100e-08, -6.52151345369e-09, 4.98851976519e-11, 6.10825832500e-10
residvcv
359017.4517735954
