---
oneline: Mortality global age‑combined spec4 JRA_3Q results
version: MORTALITY-AGE-COMBINED-SPEC4-JRA_3Q
dependencies: agespec_interaction_response_JRA_3Q.ster
description: 4th-order polynomial OLS, population‑weighted; ADM2 & ADM0×Year FE
csvv-version: aliabonanno-2025-07-23
variables:
  tavg_poly_1: T1_sum [C]
  tavg_poly_2: T2_sum [C^2]
  tavg_poly_3: T3_sum [C^3]
  tavg_poly_4: T4_sum [C^4]
  lr_tavg: yearly avg tas [C]
  deathrate_w99: death rate winsorized at 99th percentile
  loggdppc_adm0_avg: log GDP per capita
...
observations
 406592
prednames
tavg_poly_1, tavg_poly_2, tavg_poly_3, tavg_poly_4
covarnames
1, lr_tavg, loggdppc_adm0_avg
gamma
-.5194386901374364, .0674350394720095, 3.437893728315511, -.1296028655397422, -.0105692208539112, .0070558576865007, .0037759098035897, -.0009458054699787, -.0197115444006664, .0000152552251138, .0000385404306496, .0006101970903918
, .0577349445305369, -.0066962751507744, -.3526868735406375, .0103338759772187, .0007143177320127, -.0064641531342026, -.0004239050538094, .000086533240628, .0018643902973244, 2.69196100732e-06, -3.08331046655e-06, -.0000487283995917
, -.0003718806841014, .0010306833637551, .0068906537774986, .0017554955042306, .0002571125456124, .0050023898076261, -.0000523867068341, -9.51798584275e-06, -.0002294334810002, -2.78515083354e-07, -5.54029839861e-08, 6.69744494255e-07
gammavcv
.4837194729700825, .0463653338933135, .2157363122330813, .0228805007134295, .0008465777971773, .0046929756471989, -.002671475620057, -.0003110319237579, -.0010420106414161, .0000499482398718, 7.00725608597e-06, .0000180438313671, -.0475497627233176, -.0046946366580981, -.0218143689264031, -.0019956262069773, -.0000502497789412, -.0000922683657674, .0002633506422933, .0000308295582462, .0001053360308941, -5.14155967132e-06, -7.23352306277e-07, -2.38608058366e-06, -.0002989713225393, 5.81068078970e-07, -.0009023817276331, -.0002110793828179, -4.26283010577e-06, 2.55325705788e-06, .0000120729199251, 6.63110501640e-07, 1.84962826927e-06, -1.57925438017e-07, -1.22538502585e-08, 5.90576213918e-08
.0463653338933135, .0228208527021009, .1588516166970948, .0013568044038704, .0001700498239874, -.0000422337317156, -.0002933707126479, -.0001077733345947, -.0004640671381018, 6.39787355807e-06, 2.53843090605e-06, 9.72902316459e-06, -.0046079982398696, -.0021616525045601, -.0149007389654912, -.0001151425855214, -.0000142180131497, -.0000210762349896, .0000284643816127, .0000103275115974, .0000435130568724, -6.33209706298e-07, -2.45182396523e-07, -9.49250122786e-07, .0000857073806658, -.0000758874205902, -.0010458839991662, -.0000191518196524, 3.62746092319e-06, .0001457277012452, 1.43413358515e-06, 2.11343238579e-07, -4.08870151045e-06, -2.67058355595e-08, -7.41646678393e-09, 4.22852197119e-08
.2157363122330813, .1588516166970948, 4.487217490136576, .0050931709704096, .000013588728507, .0572437055511416, -.0005367757821004, -.0005497537858333, -.0180184938381609, 7.00604092234e-06, .000013240051473, .0004256848796357, -.0215160134804997, -.0145704932318882, -.4312174624612788, -.0005895169169362, -.0000459488970216, -.0080028269189891, .0000444957897412, .0000504303604948, .0016848041321741, -5.13835241447e-07, -1.20910561618e-06, -.0000377665508545, .001130374507042, -.0010494708083831, -.0152445384558202, -2.50773470195e-06, .00011682335025, .0029459995957893, 1.10110810335e-06, -2.26552766487e-06, -.0000573222132549, -1.37345341717e-08, -1.69418235164e-10, -5.51822800993e-07
.0228805007134295, .0013568044038704, .0050931709704096, .0026258083030378, .0001295474106713, -.0002938083691441, -.0001403736054584, -6.63316301040e-06, .0000257627702224, 1.63826303593e-06, 5.66071856791e-08, -7.51266071133e-07, -.0022973720940919, -.0001493157179441, -.0005613409405438, -.0002387085724264, -.0000103013576169, .0000367658912665, .0000140486577631, 7.18911729729e-07, -2.59753777368e-06, -1.86397142343e-07, -9.20197939086e-09, 7.18256396843e-08, .0000205200786108, 6.22752982342e-07, .000098855719832, -.0000188767588554, -4.66675492913e-07, 5.22635165697e-06, 6.50213349126e-07, -1.92242672916e-08, -6.17757989985e-07, -1.99904107784e-09, 1.11786844247e-09, 1.23602143259e-08
.0008465777971773, .0001700498239874, .000013588728507, .0001295474106713, .0000500580595793, .000462695358805, -9.63126950857e-07, -1.85262773642e-06, -.0000163307002088, -6.94336629853e-08, 1.67553915279e-08, 1.21896490165e-07, -.0000772955522698, -.0000174531925413, -.0000177540639011, -.0000121048637403, -4.75748057584e-06, -.0000462379291202, 6.86974230239e-08, 1.82252084067e-07, 1.61655238499e-06, 6.59711297713e-09, -1.74369589234e-09, -9.89047895760e-09, -4.53431094617e-06, -4.16370211673e-07, .0000285754380441, -4.70042797523e-07, -3.04227984766e-07, -2.92851004635e-06, 1.43668658343e-08, 1.32205725078e-08, 6.94426945899e-08, 1.44654252018e-10, -1.43483466651e-10, -6.07320738773e-10
.0046929756471989, -.0000422337317156, .0572437055511416, -.0002938083691441, .000462695358805, .0213855854449714, .000084648919345, -.0000233291706366, -.000968514980695, -2.12273881477e-06, 3.73319174799e-07, .0000110355447252, -.0003909760038636, -.0000703661385093, -.0065504869555746, .0000302683400402, -.0000432318923542, -.0020375636719023, -8.69404871973e-06, 2.53542914080e-06, .0000978697759648, 2.20940977124e-07, -3.90447297756e-08, -1.13855519957e-06, .0000424380985581, .0000702446361466, .0011882110983902, 3.63537860074e-06, -6.16280193226e-06, -.0002443079171285, -6.43533824889e-07, 5.84989707710e-08, 8.72174268500e-06, 1.34656268169e-08, 4.17359638742e-10, -9.24962992779e-08
-.002671475620057, -.0002933707126479, -.0005367757821004, -.0001403736054584, -9.63126950857e-07, .000084648919345, .0000170165155321, 1.90631407076e-06, -1.50788356429e-06, -3.27773681795e-07, -4.55829596068e-08, 2.62267324829e-08, .0002641891329162, .0000293182801371, .0000525482585894, .0000121633544524, -1.37035984724e-07, -.0000111005618967, -1.68369584898e-06, -1.88348483185e-07, 1.27082548261e-07, 3.38117374264e-08, 4.70143440309e-09, 2.02790416944e-09, 2.01593501051e-07, 4.36786772623e-08, 9.20329124974e-06, 1.44574457041e-06, 4.36106311015e-08, -4.16316808456e-07, -8.06223878601e-08, -5.61305691572e-09, 1.22200276585e-08, 1.08291254809e-09, 1.04985805736e-10, -9.18948288817e-10
-.0003110319237579, -.0001077733345947, -.0005497537858333, -6.63316301040e-06, -1.85262773642e-06, -.0000233291706366, 1.90631407076e-06, 6.80569097611e-07, 2.87935546809e-06, -4.33992743571e-08, -1.60114672060e-08, -4.78236087673e-08, .0000299311809425, .0000104152264966, .0000542712155734, 4.85539685027e-07, 1.47968722530e-07, 2.09860171003e-06, -1.83945504572e-07, -6.59649358765e-08, -2.84316196174e-07, 4.29017188240e-09, 1.56976187870e-09, 5.22735479405e-09, -4.94265945815e-08, 1.09236035619e-07, 2.25160397204e-06, 1.49283850733e-07, 1.51317747946e-08, -2.83898987406e-07, -1.12828230427e-08, -2.37433996943e-09, 8.07129725620e-09, 2.08432611503e-10, 5.57126085717e-11, -1.81151182056e-10
-.0010420106414161, -.0004640671381018, -.0180184938381609, .0000257627702224, -.0000163307002088, -.000968514980695, -1.50788356429e-06, 2.87935546809e-06, .000117353319874, 4.54999278590e-08, -6.25685511749e-08, -2.46190682768e-06, .0000972171949279, .0000460811754596, .0018122528496354, -2.38960370099e-06, 1.73558775629e-06, .0001031024739543, 2.00061206525e-07, -2.80153527470e-07, -.0000113548672549, -5.65615017276e-09, 5.99752710435e-09, 2.28342696341e-07, -4.06918107228e-07, 1.48538132134e-06, -7.06846602440e-06, -1.50033644083e-07, -2.45054138950e-07, -2.72041953178e-06, 3.70738269464e-09, 4.65232373798e-09, -1.17761941953e-07, -9.11517936730e-11, 2.32083177340e-11, 6.97092665668e-09
.0000499482398718, 6.39787355807e-06, 7.00604092234e-06, 1.63826303593e-06, -6.94336629853e-08, -2.12273881477e-06, -3.27773681795e-07, -4.33992743571e-08, 4.54999278590e-08, 7.15605312102e-09, 1.12336262622e-09, -5.56986852604e-10, -4.90746636760e-06, -6.28299700575e-07, -6.06519305660e-07, -1.34873792174e-07, 1.09624627108e-08, 2.73552941768e-07, 3.22845667963e-08, 4.23718467290e-09, -3.94618028391e-09, -7.22815944749e-10, -1.13034685579e-10, -5.57705377714e-11, -1.84633294193e-08, 2.34452915923e-10, -3.03835238711e-07, -2.27115103115e-08, -1.15461670542e-09, 4.66528421826e-09, 1.57622551126e-09, 1.71725124939e-10, 1.62617881368e-10, -2.68317874726e-11, -3.75817546025e-12, 1.40645496537e-11
7.00725608597e-06, 2.53843090605e-06, .000013240051473, 5.66071856791e-08, 1.67553915279e-08, 3.73319174799e-07, -4.55829596068e-08, -1.60114672060e-08, -6.25685511749e-08, 1.12336262622e-09, 3.98101371065e-10, 1.13410459039e-09, -6.72828319453e-07, -2.44696158569e-07, -1.29952944192e-06, -2.04011135280e-09, -9.23581717428e-10, -3.15865911606e-08, 4.39847091002e-09, 1.54888738285e-09, 6.17542106760e-09, -1.10197421550e-10, -3.87931456229e-11, -1.24398268407e-10, 4.87450503614e-09, -1.03768598080e-09, -6.32783097160e-08, -3.33791932751e-09, -3.26407293867e-10, 7.46558972753e-09, 2.69468291463e-10, 5.59827049011e-11, -2.10922658479e-10, -5.40422629867e-12, -1.41024555014e-12, 4.41226202026e-12
.0000180438313671, 9.72902316459e-06, .0004256848796357, -7.51266071133e-07, 1.21896490165e-07, .0000110355447252, 2.62267324829e-08, -4.78236087673e-08, -2.46190682768e-06, -5.56986852604e-10, 1.13410459039e-09, 5.97355725960e-08, -1.65588467551e-06, -9.25092213307e-07, -.0000424238242003, 6.38546441639e-08, -1.81142225490e-08, -1.35534437257e-06, -3.78729285002e-09, 4.46426830571e-09, 2.35386737027e-07, 8.61889565383e-11, -1.04362253916e-10, -5.42338167210e-09, -2.87126422321e-08, -7.55523403713e-08, -3.87707396825e-07, 5.04118145147e-09, 9.91836408368e-09, 2.20768001409e-07, 1.33926805596e-10, -1.68127159645e-10, -2.27124823499e-09, -4.54409904562e-12, -7.04859509478e-13, -1.42800703919e-10
-.0475497627233176, -.0046079982398696, -.0215160134804997, -.0022973720940919, -.0000772955522698, -.0003909760038636, .0002641891329162, .0000299311809425, .0000972171949279, -4.90746636760e-06, -6.72828319453e-07, -1.65588467551e-06, .0047216569906104, .0004688779362449, .0022104043421054, .0001997124577331, 4.29613083163e-06, -1.00205914503e-07, -.0000261869246493, -2.98448732083e-06, -.0000100631831628, 5.09527485588e-07, 6.99714737943e-08, 2.29783290652e-07, -8.93378782308e-07, -1.71447058236e-06, .0000552537206404, .0000217278670774, 3.24955315919e-07, 3.53188408384e-06, -1.12759736728e-06, -4.92001572583e-08, -2.30875981660e-07, 1.35181349373e-08, 8.50926257171e-10, -6.72907098571e-09
-.0046946366580981, -.0021616525045601, -.0145704932318882, -.0001493157179441, -.0000174531925413, -.0000703661385093, .0000293182801371, .0000104152264966, .0000460811754596, -6.28299700575e-07, -2.44696158569e-07, -9.25092213307e-07, .0004688779362449, .0002076669742897, .0013985547806308, .0000125813640509, 1.42325488698e-06, 8.59118019898e-06, -2.85935610671e-06, -1.00607040771e-06, -4.41077508415e-06, 6.27103565894e-08, 2.38239830285e-08, 9.23975675494e-08, -.0000105692168886, 5.29060991770e-06, .0000748128831307, 2.01966165126e-06, -3.06567103618e-07, -.0000123214846625, -1.33238821022e-07, -1.61222147084e-08, 3.81588952864e-07, 2.33814732451e-09, 6.01159867579e-10, -4.55039582856e-09
-.0218143689264031, -.0149007389654912, -.4312174624612788, -.0005613409405438, -.0000177540639011, -.0065504869555746, .0000525482585894, .0000542712155734, .0018122528496354, -6.06519305660e-07, -1.29952944192e-06, -.0000424238242003, .0022104043421054, .0013985547806308, .0422373014909281, .0000608495013913, 5.81782321687e-06, .0008812414433633, -4.52698903236e-06, -5.07465734377e-06, -.0001712460343637, 4.94464972555e-08, 1.21129801976e-07, 3.80011885510e-06, -.0001409824201643, .0000797530253056, .0009156202104514, 3.48675180810e-06, -.0000106877263826, -.0002717854804346, -1.27737193205e-07, 2.47382859822e-07, 6.01289196083e-06, -3.45744977285e-10, -9.31407862048e-10, 4.04674100300e-08
-.0019956262069773, -.0001151425855214, -.0005895169169362, -.0002387085724264, -.0000121048637403, .0000302683400402, .0000121633544524, 4.85539685027e-07, -2.38960370099e-06, -1.34873792174e-07, -2.04011135280e-09, 6.38546441639e-08, .0001997124577331, .0000125813640509, .0000608495013913, .000021980704676, 1.00815545756e-06, -3.24889226425e-06, -1.21194356796e-06, -5.26656204577e-08, 2.58601669444e-07, 1.51672613650e-08, 4.70740071381e-10, -7.09280724742e-09, -9.22647610089e-07, 2.28996360284e-07, -7.94217497618e-06, 1.54366036870e-06, 1.56366716914e-08, -7.30267621092e-07, -5.52517284296e-08, 2.27247789039e-09, 6.11837510269e-08, 2.04032319805e-10, -9.91347381018e-11, -1.00819880745e-09
-.0000502497789412, -.0000142180131497, -.0000459488970216, -.0000103013576169, -4.75748057584e-06, -.0000432318923542, -1.37035984724e-07, 1.47968722530e-07, 1.73558775629e-06, 1.09624627108e-08, -9.23581717428e-10, -1.81142225490e-08, 4.29613083163e-06, 1.42325488698e-06, 5.81782321687e-06, 1.00815545756e-06, 4.68030834506e-07, 4.51923310713e-06, 1.70776027245e-08, -1.41608896476e-08, -1.66973519486e-07, -1.12757916210e-09, 7.94374967057e-11, 1.28819361836e-09, 5.03429199521e-07, 9.65203671286e-08, -2.45707168197e-06, 1.53749575268e-09, 1.72800362835e-08, 1.30179462101e-07, 1.35138456851e-10, -9.68391020600e-10, -2.78654021437e-09, -2.27320707835e-11, 1.35897460670e-11, 7.50441168936e-11
-.0000922683657674, -.0000210762349896, -.0080028269189891, .0000367658912665, -.0000462379291202, -.0020375636719023, -.0000111005618967, 2.09860171003e-06, .0001031024739543, 2.73552941768e-07, -3.15865911606e-08, -1.35534437257e-06, -1.00205914503e-07, 8.59118019898e-06, .0008812414433633, -3.24889226425e-06, 4.51923310713e-06, .0002000735334988, 1.14686642765e-06, -2.23969918084e-07, -.000010267431266, -2.87525728050e-08, 3.10415958849e-09, 1.29936343003e-07, -4.00675327083e-06, -5.94782221761e-06, -.0001128618977673, -6.04007875347e-07, 4.08911364218e-07, .0000176606689455, 7.08643086347e-08, 5.72499606643e-11, -6.40921651497e-07, -1.39161651216e-09, -8.22942092334e-11, 8.20063665510e-09
.0002633506422933, .0000284643816127, .0000444957897412, .0000140486577631, 6.86974230239e-08, -8.69404871973e-06, -1.68369584898e-06, -1.83945504572e-07, 2.00061206525e-07, 3.22845667963e-08, 4.39847091002e-09, -3.78729285002e-09, -.0000261869246493, -2.85935610671e-06, -4.52698903236e-06, -1.21194356796e-06, 1.70776027245e-08, 1.14686642765e-06, 1.67162355699e-07, 1.82624101820e-08, -1.65328071224e-08, -3.35077267504e-09, -4.56851461619e-10, -1.19492297761e-10, 7.19237128808e-08, 7.58961497582e-09, -7.40420161799e-07, -1.48302625632e-07, -4.79147679389e-09, 1.75726329592e-08, 7.82255677393e-09, 5.12610567001e-10, -7.90604319894e-10, -9.98198775668e-11, -9.00459355929e-12, 9.40491642724e-11
.0000308295582462, .0000103275115974, .0000504303604948, 7.18911729729e-07, 1.82252084067e-07, 2.53542914080e-06, -1.88348483185e-07, -6.59649358765e-08, -2.80153527470e-07, 4.23718467290e-09, 1.54888738285e-09, 4.46426830571e-09, -2.98448732083e-06, -1.00607040771e-06, -5.07465734377e-06, -5.26656204577e-08, -1.41608896476e-08, -2.23969918084e-07, 1.82624101820e-08, 6.42870987968e-09, 2.80629653500e-08, -4.22109011936e-10, -1.52871221263e-10, -5.02585331381e-10, 1.63782298466e-08, -4.92638585855e-09, -1.38417905973e-07, -1.59110973703e-08, -1.82321116779e-09, 1.73967500403e-08, 1.09817573991e-09, 2.22716273695e-10, -5.84546838787e-10, -1.93966833723e-11, -5.03602079514e-12, 1.81352528024e-11
.0001053360308941, .0000435130568724, .0016848041321741, -2.59753777368e-06, 1.61655238499e-06, .0000978697759648, 1.27082548261e-07, -2.84316196174e-07, -.0000113548672549, -3.94618028391e-09, 6.17542106760e-09, 2.35386737027e-07, -.0000100631831628, -4.41077508415e-06, -.0001712460343637, 2.58601669444e-07, -1.66973519486e-07, -.000010267431266, -1.65328071224e-08, 2.80629653500e-08, 1.10626876863e-06, 4.70862170006e-10, -6.02890404742e-10, -2.20686854145e-08, 1.71323742336e-07, -7.81022442971e-08, 1.99060386545e-06, 8.37677492052e-10, 1.75555227933e-08, 7.20890345318e-08, -2.79667531195e-10, -3.81598753024e-10, 1.58106753549e-08, 1.40138635781e-11, -1.07574582355e-12, -6.77052391420e-10
-5.14155967132e-06, -6.33209706298e-07, -5.13835241447e-07, -1.86397142343e-07, 6.59711297713e-09, 2.20940977124e-07, 3.38117374264e-08, 4.29017188240e-09, -5.65615017276e-09, -7.22815944749e-10, -1.10197421550e-10, 8.61889565383e-11, 5.09527485588e-07, 6.27103565894e-08, 4.94464972555e-08, 1.51672613650e-08, -1.12757916210e-09, -2.87525728050e-08, -3.35077267504e-09, -4.22109011936e-10, 4.70862170006e-10, 7.40305711756e-11, 1.12379400770e-11, 3.99105573927e-12, -1.14292505282e-09, -4.60903096170e-10, 2.47880831089e-08, 2.66796018485e-09, 1.46516040411e-10, -1.96767933979e-11, -1.60785355968e-10, -1.61854129418e-11, -1.65557154619e-11, 2.45832140786e-12, 3.24142582296e-13, -1.72915802335e-12
-7.23352306277e-07, -2.45182396523e-07, -1.20910561618e-06, -9.20197939086e-09, -1.74369589234e-09, -3.90447297756e-08, 4.70143440309e-09, 1.56976187870e-09, 5.99752710435e-09, -1.13034685579e-10, -3.87931456229e-11, -1.04362253916e-10, 6.99714737943e-08, 2.38239830285e-08, 1.21129801976e-07, 4.70740071381e-10, 7.94374967057e-11, 3.10415958849e-09, -4.56851461619e-10, -1.52871221263e-10, -6.02890404742e-10, 1.12379400770e-11, 3.82387343901e-12, 1.20263605076e-11, -7.06397780649e-10, -1.40816022782e-11, 4.41678576371e-09, 3.95821370357e-10, 4.55106602021e-11, -5.01295308018e-10, -2.79591254257e-11, -5.49456943145e-12, 1.64306436045e-11, 5.17280944651e-13, 1.27961818231e-13, -4.86959217543e-13
-2.38608058366e-06, -9.49250122786e-07, -.0000377665508545, 7.18256396843e-08, -9.89047895760e-09, -1.13855519957e-06, 2.02790416944e-09, 5.22735479405e-09, 2.28342696341e-07, -5.57705377714e-11, -1.24398268407e-10, -5.42338167210e-09, 2.29783290652e-07, 9.23975675494e-08, 3.80011885510e-06, -7.09280724742e-09, 1.28819361836e-09, 1.29936343003e-07, -1.19492297761e-10, -5.02585331381e-10, -2.20686854145e-08, 3.99105573927e-12, 1.20263605076e-11, 5.05456832537e-10, -1.41822182323e-10, 5.56144275648e-09, 1.42526048146e-08, 1.35226975429e-10, -7.07636968741e-10, -1.33794272599e-08, -3.31138603960e-11, 9.16011326526e-12, -1.29903045837e-11, 5.71347175120e-13, 9.37201885443e-14, 1.34212425430e-11
-.0002989713225393, .0000857073806658, .001130374507042, .0000205200786108, -4.53431094617e-06, .0000424380985581, 2.01593501051e-07, -4.94265945815e-08, -4.06918107228e-07, -1.84633294193e-08, 4.87450503614e-09, -2.87126422321e-08, -8.93378782308e-07, -.0000105692168886, -.0001409824201643, -9.22647610089e-07, 5.03429199521e-07, -4.00675327083e-06, 7.19237128808e-08, 1.63782298466e-08, 1.71323742336e-07, -1.14292505282e-09, -7.06397780649e-10, -1.41822182323e-10, .0000282633295664, 3.52144664556e-06, .0000289405877657, -1.00335328316e-06, -2.09151984981e-08, -1.21071911825e-06, -4.52760985845e-08, -1.16133610705e-08, -5.51369797935e-08, 1.59102514416e-09, 2.54171734753e-10, 1.92778010592e-09
5.81068078970e-07, -.0000758874205902, -.0010494708083831, 6.22752982342e-07, -4.16370211673e-07, .0000702446361466, 4.36786772623e-08, 1.09236035619e-07, 1.48538132134e-06, 2.34452915923e-10, -1.03768598080e-09, -7.55523403713e-08, -1.71447058236e-06, 5.29060991770e-06, .0000797530253056, 2.28996360284e-07, 9.65203671286e-08, -5.94782221761e-06, 7.58961497582e-09, -4.92638585855e-09, -7.81022442971e-08, -4.60903096170e-10, -1.40816022782e-11, 5.56144275648e-09, 3.52144664556e-06, 2.45287357220e-06, .0000211497042756, -1.62062984580e-07, -1.11520780008e-07, -2.08223418628e-06, -7.81437740117e-09, -1.50336499474e-09, 2.95163062031e-08, 2.61940967790e-10, 6.80216052560e-11, 3.15142197518e-10
-.0009023817276331, -.0010458839991662, -.0152445384558202, .000098855719832, .0000285754380441, .0011882110983902, 9.20329124974e-06, 2.25160397204e-06, -7.06846602440e-06, -3.03835238711e-07, -6.32783097160e-08, -3.87707396825e-07, .0000552537206404, .0000748128831307, .0009156202104514, -7.94217497618e-06, -2.45707168197e-06, -.0001128618977673, -7.40420161799e-07, -1.38417905973e-07, 1.99060386545e-06, 2.47880831089e-08, 4.41678576371e-09, 1.42526048146e-08, .0000289405877657, .0000211497042756, .0005301488255166, -2.65055339643e-06, -1.22865141381e-06, -.0000335053425542, -3.47738142626e-08, -8.73497494306e-09, 3.01364519180e-07, 2.48528387630e-09, 7.13375640817e-10, 5.79940450278e-09
-.0002110793828179, -.0000191518196524, -2.50773470195e-06, -.0000188767588554, -4.70042797523e-07, 3.63537860074e-06, 1.44574457041e-06, 1.49283850733e-07, -1.50033644083e-07, -2.27115103115e-08, -3.33791932751e-09, 5.04118145147e-09, .0000217278670774, 2.01966165126e-06, 3.48675180810e-06, 1.54366036870e-06, 1.53749575268e-09, -6.04007875347e-07, -1.48302625632e-07, -1.59110973703e-08, 8.37677492052e-10, 2.66796018485e-09, 3.95821370357e-10, 1.35226975429e-10, -1.00335328316e-06, -1.62062984580e-07, -2.65055339643e-06, 3.26329673029e-07, 3.42101125286e-08, 1.39907470897e-07, -1.16707522517e-08, -1.10718364577e-09, 2.13214464549e-09, 7.44891529616e-11, 5.94564466310e-12, -1.64967634431e-10
-4.26283010577e-06, 3.62746092319e-06, .00011682335025, -4.66675492913e-07, -3.04227984766e-07, -6.16280193226e-06, 4.36106311015e-08, 1.51317747946e-08, -2.45054138950e-07, -1.15461670542e-09, -3.26407293867e-10, 9.91836408368e-09, 3.24955315919e-07, -3.06567103618e-07, -.0000106877263826, 1.56366716914e-08, 1.72800362835e-08, 4.08911364218e-07, -4.79147679389e-09, -1.82321116779e-09, 1.75555227933e-08, 1.46516040411e-10, 4.55106602021e-11, -7.07636968741e-10, -2.09151984981e-08, -1.11520780008e-07, -1.22865141381e-06, 3.42101125286e-08, 2.23126361223e-08, 3.16146046468e-07, -1.33798706777e-09, -7.57950050479e-10, -9.41276501225e-09, 1.42112743297e-11, 7.71445639864e-12, 5.08041029501e-11
2.55325705788e-06, .0001457277012452, .0029459995957893, 5.22635165697e-06, -2.92851004635e-06, -.0002443079171285, -4.16316808456e-07, -2.83898987406e-07, -2.72041953178e-06, 4.66528421826e-09, 7.46558972753e-09, 2.20768001409e-07, 3.53188408384e-06, -.0000123214846625, -.0002717854804346, -7.30267621092e-07, 1.30179462101e-07, .0000176606689455, 1.75726329592e-08, 1.73967500403e-08, 7.20890345318e-08, -1.96767933979e-11, -5.01295308018e-10, -1.33794272599e-08, -1.21071911825e-06, -2.08223418628e-06, -.0000335053425542, 1.39907470897e-07, 3.16146046468e-07, .0000109448998738, 6.05876238647e-09, -7.41670902209e-09, -3.74186338059e-07, -1.70541115280e-10, 4.15702884070e-11, 2.96799924248e-09
.0000120729199251, 1.43413358515e-06, 1.10110810335e-06, 6.50213349126e-07, 1.43668658343e-08, -6.43533824889e-07, -8.06223878601e-08, -1.12828230427e-08, 3.70738269464e-09, 1.57622551126e-09, 2.69468291463e-10, 1.33926805596e-10, -1.12759736728e-06, -1.33238821022e-07, -1.27737193205e-07, -5.52517284296e-08, 1.35138456851e-10, 7.08643086347e-08, 7.82255677393e-09, 1.09817573991e-09, -2.79667531195e-10, -1.60785355968e-10, -2.79591254257e-11, -3.31138603960e-11, -4.52760985845e-08, -7.81437740117e-09, -3.47738142626e-08, -1.16707522517e-08, -1.33798706777e-09, 6.05876238647e-09, 8.12640817449e-10, 1.17080456424e-10, -8.43592878635e-11, -1.26650073556e-11, -1.97514566613e-12, 2.26310576897e-12
6.63110501640e-07, 2.11343238579e-07, -2.26552766487e-06, -1.92242672916e-08, 1.32205725078e-08, 5.84989707710e-08, -5.61305691572e-09, -2.37433996943e-09, 4.65232373798e-09, 1.71725124939e-10, 5.59827049011e-11, -1.68127159645e-10, -4.92001572583e-08, -1.61222147084e-08, 2.47382859822e-07, 2.27247789039e-09, -9.68391020600e-10, 5.72499606643e-11, 5.12610567001e-10, 2.22716273695e-10, -3.81598753024e-10, -1.61854129418e-11, -5.49456943145e-12, 9.16011326526e-12, -1.16133610705e-08, -1.50336499474e-09, -8.73497494306e-09, -1.10718364577e-09, -7.57950050479e-10, -7.41670902209e-09, 1.17080456424e-10, 5.05981690604e-11, 3.40138384280e-10, -2.37047021841e-12, -8.49949514494e-13, -3.34662163331e-12
1.84962826927e-06, -4.08870151045e-06, -.0000573222132549, -6.17757989985e-07, 6.94426945899e-08, 8.72174268500e-06, 1.22200276585e-08, 8.07129725620e-09, -1.17761941953e-07, 1.62617881368e-10, -2.10922658479e-10, -2.27124823499e-09, -2.30875981660e-07, 3.81588952864e-07, 6.01289196083e-06, 6.11837510269e-08, -2.78654021437e-09, -6.40921651497e-07, -7.90604319894e-10, -5.84546838787e-10, 1.58106753549e-08, -1.65557154619e-11, 1.64306436045e-11, -1.29903045837e-11, -5.51369797935e-08, 2.95163062031e-08, 3.01364519180e-07, 2.13214464549e-09, -9.41276501225e-09, -3.74186338059e-07, -8.43592878635e-11, 3.40138384280e-10, 1.58831561646e-08, -1.31766806494e-12, -3.98924283311e-12, -1.74146584651e-10
-1.57925438017e-07, -2.67058355595e-08, -1.37345341717e-08, -1.99904107784e-09, 1.44654252018e-10, 1.34656268169e-08, 1.08291254809e-09, 2.08432611503e-10, -9.11517936730e-11, -2.68317874726e-11, -5.40422629867e-12, -4.54409904562e-12, 1.35181349373e-08, 2.33814732451e-09, -3.45744977285e-10, 2.04032319805e-10, -2.27320707835e-11, -1.39161651216e-09, -9.98198775668e-11, -1.93966833723e-11, 1.40138635781e-11, 2.45832140786e-12, 5.17280944651e-13, 5.71347175120e-13, 1.59102514416e-09, 2.61940967790e-10, 2.48528387630e-09, 7.44891529616e-11, 1.42112743297e-11, -1.70541115280e-10, -1.26650073556e-11, -2.37047021841e-12, -1.31766806494e-12, 2.83193827227e-13, 5.04933044137e-14, 6.61759351855e-14
-1.22538502585e-08, -7.41646678393e-09, -1.69418235164e-10, 1.11786844247e-09, -1.43483466651e-10, 4.17359638742e-10, 1.04985805736e-10, 5.57126085717e-11, 2.32083177340e-11, -3.75817546025e-12, -1.41024555014e-12, -7.04859509478e-13, 8.50926257171e-10, 6.01159867579e-10, -9.31407862048e-10, -9.91347381018e-11, 1.35897460670e-11, -8.22942092334e-11, -9.00459355929e-12, -5.03602079514e-12, -1.07574582355e-12, 3.24142582296e-13, 1.27961818231e-13, 9.37201885443e-14, 2.54171734753e-10, 6.80216052560e-11, 7.13375640817e-10, 5.94564466310e-12, 7.71445639864e-12, 4.15702884070e-11, -1.97514566613e-12, -8.49949514494e-13, -3.98924283311e-12, 5.04933044137e-14, 1.77333166856e-14, 6.25346687283e-14
5.90576213918e-08, 4.22852197119e-08, -5.51822800993e-07, 1.23602143259e-08, -6.07320738773e-10, -9.24962992779e-08, -9.18948288817e-10, -1.81151182056e-10, 6.97092665668e-09, 1.40645496537e-11, 4.41226202026e-12, -1.42800703919e-10, -6.72907098571e-09, -4.55039582856e-09, 4.04674100300e-08, -1.00819880745e-09, 7.50441168936e-11, 8.20063665510e-09, 9.40491642724e-11, 1.81352528024e-11, -6.77052391420e-10, -1.72915802335e-12, -4.86959217543e-13, 1.34212425430e-11, 1.92778010592e-09, 3.15142197518e-10, 5.79940450278e-09, -1.64967634431e-10, 5.08041029501e-11, 2.96799924248e-09, 2.26310576897e-12, -3.34662163331e-12, -1.74146584651e-10, 6.61759351855e-14, 6.25346687283e-14, 2.96319668318e-12
residvcv
479688.6344510089
