---
oneline: Mortality global age‑combined spec3 ERA5_025 results
version: MORTALITY-AGE-COMBINED-SPEC3-ERA5_025
dependencies: agespec_interaction_response_ERA5_025.ster
description: 4th-order polynomial OLS, population‑weighted; ADM2 & ADM0×Year FE
csvv-version: aliabonanno-2025-07-23
variables:
  tavg_poly_1: T1_sum [C]
  tavg_poly_2: T2_sum [C^2]
  tavg_poly_3: T3_sum [C^3]
  tavg_poly_4: T4_sum [C^4]
  lr_tavg: yearly avg tas [C]
  deathrate_w99: death rate winsorized at 99th percentile
  loggdppc_adm0_avg: log GDP per capita
...
observations
 406592
prednames
tavg_poly_1, tavg_poly_2, tavg_poly_3, tavg_poly_4
covarnames
1, lr_tavg, loggdppc_adm0_avg
gamma
.5787443897026858, .0039128295935635, 3.007728161921661, .0142433155103087, .0044478238230065, .0668299094860424, -.0021712008727695, -.0001478650965272, -.0177676407236587, .000070332057972, .0000107270818887, .0005744265915844
-.0611000076116283, -.0020745621980003, -.319014522181443, -.0032690844598017, -.0008605272868338, -.0146432777275434, .0001808195706394, .0000102140818936, .001610814352804, -3.49880065462e-06, -3.10305896283e-07, -.0000419305507321
.0076103795812479, .0023062598140466, .0145644957088729, .0012817069320552, .0003063020422836, .006689836282387, -.0000692376023062, -.0000197884598005, -.0003137701749572, 4.42131425406e-07, 1.69294514816e-07, 1.52260368330e-06
gammavcv
.2994144132242116, .0633403448537087, .7894240435440276, .0066393986127463, .0016646356711062, .0177942520158487, -.0015073267898385, -.0003553684231141, -.0046343874424976, .0000346320458734, 8.19675319532e-06, .0001138115664023, -.0285015166559467, -.0062061805717822, -.076577973257183, -.0006952106971862, -.0001757649901654, -.0019410866913891, .0001422140431036, .0000337779751067, .0004394652478824, -3.20198942713e-06, -7.63158014099e-07, -.0000104964872785, -.0007972333759141, -.0000816458880854, -.0022922507844933, .000047109741266, 9.56367844725e-06, .0001221948772304, 3.13184388987e-06, 6.96781063380e-07, .0000125133504146, -1.25161837511e-07, -2.86733701672e-08, -4.90448069107e-07
.0633403448537087, .0364756605829694, .3711408491198174, .0008002559846995, .0005435614827074, -.0020677441292509, -.0003763001613696, -.0001688861651306, -.001537119245173, 9.58012292624e-06, 3.98459672159e-06, .0000424936533427, -.0060332355892079, -.0034447813020563, -.034668205168591, -.0000972877204823, -.0000630747445701, -.0000375176081561, .0000352189064447, .0000158034767643, .0001410320414994, -8.73047983483e-07, -3.64436897813e-07, -3.71564114533e-06, -.0000802689966349, -.0001384061735767, -.0022672610984625, 9.24483431959e-06, .0000116971672929, .0003132010118615, 1.05682248433e-06, 2.11272964412e-07, -4.32773195862e-06, -4.15716880486e-08, -1.37138861828e-08, -1.08145909828e-07
.7894240435440276, .3711408491198174, 8.318739782940956, .027938774304719, .0044651913593409, .0575352614124568, -.0038442423188403, -.0015264087578492, -.0355739275292045, .000090675259276, .0000381978579688, .0009299151771775, -.0748224676639678, -.0346541892390961, -.7906011403560864, -.0034292256173104, -.0006547317149192, -.0117533586221554, .000345686255437, .0001399324549841, .0032802487770978, -7.47625107144e-06, -3.30456542492e-06, -.0000794777641336, -.002407495630603, -.002085418161862, -.0370209900752357, .0004117866588605, .0002618498858402, .0069707155537053, 1.61155031519e-06, -3.54275284681e-06, -.0001359855745911, -4.14884508408e-07, -9.35375103238e-08, -1.86818449744e-06
.0066393986127463, .0008002559846995, .027938774304719, .0011586620886692, .0001447514051288, .0026385271870545, -.0000401561572549, -6.18900857408e-06, -.0001991925191638, 1.55731141233e-07, 4.92345556725e-08, 3.10639804854e-06, -.0006521302680915, -.0000829467602619, -.0027777656290406, -.000106397935182, -.0000129693627467, -.0002557640005123, 3.95763321769e-06, 6.31192920326e-07, .0000192344832696, -2.42509660819e-08, -6.38483818753e-09, -2.99909040684e-07, .0000161802047601, 2.93467523912e-06, .000052113934619, -.0000106514410773, -1.55113100294e-06, -9.54426784422e-06, 3.91790557053e-07, 5.39686334725e-08, 5.15750680181e-07, -1.93672813970e-09, -2.94689212213e-10, -6.94960478909e-09
.0016646356711062, .0005435614827074, .0044651913593409, .0001447514051288, .0000734022138897, .0007513466760221, -.0000111452559232, -4.94147332007e-06, -.0000463469027926, 1.92814523341e-07, 8.43476115024e-08, 7.22568540889e-07, -.0001500907189383, -.0000523613691931, -.0004329101879117, -.0000127073625609, -6.86901023129e-06, -.000074709742298, 1.06320383378e-06, 4.73791607488e-07, 4.37878834558e-06, -1.97339752362e-08, -8.18837621825e-09, -6.51922931660e-08, -2.70559039507e-06, 1.67151375245e-06, .0000171698167443, -2.01796097046e-06, -8.64314602355e-07, -5.55318626308e-06, 1.10467472580e-07, 4.43524611261e-08, 3.24347282897e-07, -1.46376206158e-09, -6.60731335827e-10, -5.50004684316e-09
.0177942520158487, -.0020677441292509, .0575352614124568, .0026385271870545, .0007513466760221, .023497739812789, -.0000732781666744, -.0000141265196955, -.0010831784492522, 2.48728120105e-07, -7.66430385635e-09, .0000134210232108, -.0017346755869365, .0001190975404901, -.0069651151317917, -.0002658354984785, -.0000726997601755, -.0022734204570102, 6.98205661522e-06, 1.58808588644e-06, .0001076579718243, -9.42796664644e-09, 7.27551005995e-10, -1.30574747381e-06, -7.17441476293e-06, .0000816179140256, .001424418182526, 6.19859240662e-07, -7.98592430401e-06, -.0002191228192532, -1.78279582537e-07, 1.14283167722e-07, 7.58327476268e-06, 2.58606682958e-09, -1.33608898832e-10, -8.73655596910e-08
-.0015073267898385, -.0003763001613696, -.0038442423188403, -.0000401561572549, -.0000111452559232, -.0000732781666744, 8.91453575187e-06, 2.31751845582e-06, .0000246547976103, -2.04256217504e-07, -5.25488617604e-08, -6.15917141205e-07, .0001427023693547, .0000365113144841, .000367721395085, 3.73492461435e-06, 1.08633767506e-06, 7.88458267378e-06, -8.49005283286e-07, -2.21332231963e-07, -2.33897864551e-06, 1.95068932169e-08, 5.00805021045e-09, 5.74859524772e-08, 3.53736696205e-06, 5.47813456088e-07, .0000156389489948, 2.71961738884e-07, 4.17276800079e-08, -2.98230296485e-07, -4.15264571240e-08, -9.46791439199e-09, -1.00002764101e-07, 9.56857516595e-10, 2.35777881049e-10, 3.13482505903e-09
-.0003553684231141, -.0001688861651306, -.0015264087578492, -6.18900857408e-06, -4.94147332007e-06, -.0000141265196955, 2.31751845582e-06, 1.00352200382e-06, 8.72090841678e-06, -5.80694235372e-08, -2.29352442294e-08, -2.27422119684e-07, .0000330542230851, .0000161879987324, .0001453340368963, 6.03238284426e-07, 5.00815203757e-07, 2.23665017304e-06, -2.18314869980e-07, -9.51581572496e-08, -8.16571824464e-07, 5.41644787712e-09, 2.14828180670e-09, 2.04590021921e-08, 7.96879500256e-07, 3.53927041085e-07, 6.74364047804e-06, 6.31899563491e-08, 9.44710933955e-10, -8.13991882591e-07, -1.20433282588e-08, -3.48721428557e-09, -6.70441591597e-09, 3.12925253367e-10, 9.92996295875e-11, 8.63610659807e-10
-.0046343874424976, -.001537119245173, -.0355739275292045, -.0001991925191638, -.0000463469027926, -.0010831784492522, .0000246547976103, 8.72090841678e-06, .0002193822388019, -5.54781283881e-07, -2.06955248506e-07, -5.33871830417e-06, .0004319210151312, .0001492350322646, .0035054922177868, .0000227686554548, 5.38535360141e-06, .0001316450510023, -2.24542852748e-06, -8.21932302274e-07, -.0000207363972353, 4.68938647680e-08, 1.85201199611e-08, 4.71385410032e-07, .000020035251146, 4.93912101545e-06, .0000530232296314, -1.47109569115e-06, -6.75402095240e-07, -.0000184613657862, -6.42504630059e-08, -2.80519948588e-09, 8.51288518877e-08, 3.16091548467e-09, 6.78641758551e-10, 1.69057045906e-08
.0000346320458734, 9.58012292624e-06, .000090675259276, 1.55731141233e-07, 1.92814523341e-07, 2.48728120105e-07, -2.04256217504e-07, -5.80694235372e-08, -5.54781283881e-07, 5.39983005159e-09, 1.41520173225e-09, 1.55465228748e-08, -3.26345052384e-06, -9.26828765578e-07, -8.61969711851e-06, -1.91114840619e-08, -2.03240538623e-08, -5.79611052066e-08, 1.92835479277e-08, 5.51041798768e-09, 5.22865604392e-08, -5.01899171665e-10, -1.32213853354e-10, -1.42265310305e-09, -9.83162630011e-08, -1.43968890946e-08, -4.44200893257e-07, 3.21535701417e-09, 2.66544716066e-10, 2.34230115543e-08, 7.03782051597e-10, 1.99313847955e-10, 1.91623041473e-09, -2.41634029788e-11, -6.25377658339e-12, -7.95969549933e-11
8.19675319532e-06, 3.98459672159e-06, .0000381978579688, 4.92345556725e-08, 8.43476115024e-08, -7.66430385635e-09, -5.25488617604e-08, -2.29352442294e-08, -2.06955248506e-07, 1.41520173225e-09, 5.50836866388e-10, 5.76653592724e-09, -7.65712923448e-07, -3.82611489618e-07, -3.64767876358e-06, -6.67759174494e-09, -9.08261070037e-09, -2.38498887872e-08, 4.92292681590e-09, 2.17033448403e-09, 1.93573434327e-08, -1.29257496304e-10, -5.10314776228e-11, -5.13939548645e-10, -1.82777863996e-08, -8.77862338090e-09, -1.72303592875e-07, 4.65852439562e-10, 5.18717028191e-10, 2.57960542473e-08, 2.07557621234e-10, 6.01272183293e-11, -1.10929939941e-10, -7.14097378296e-12, -2.22089822990e-12, -1.93162468820e-11
.0001138115664023, .0000424936533427, .0009299151771775, 3.10639804854e-06, 7.22568540889e-07, .0000134210232108, -6.15917141205e-07, -2.27422119684e-07, -5.33871830417e-06, 1.55465228748e-08, 5.76653592724e-09, 1.41478925399e-07, -.0000105370240579, -4.08036132539e-06, -.0000909775426328, -3.98232645218e-07, -9.62806901966e-08, -2.06170716537e-06, 5.56426138457e-08, 2.12362566291e-08, 5.01071800285e-07, -1.31106176128e-09, -5.13002772613e-10, -1.23725894441e-08, -5.48779665492e-07, -1.74853089034e-07, -2.12728588344e-06, 4.89290886915e-08, 2.36064767663e-08, 6.48020488220e-07, 1.51875520205e-09, -5.31951580860e-12, -7.46667032934e-09, -8.80904904002e-11, -1.93738939117e-11, -4.27096620563e-10
-.0285015166559467, -.0060332355892079, -.0748224676639678, -.0006521302680915, -.0001500907189383, -.0017346755869365, .0001427023693547, .0000330542230851, .0004319210151312, -3.26345052384e-06, -7.65712923448e-07, -.0000105370240579, .0027432117437529, .0005929928954256, .0072890925751477, .0000688469871972, .0000161426685695, .0001870033622895, -.0000135251494577, -3.14624521611e-06, -.0000411507937013, 3.02036497343e-07, 7.10766494461e-08, 9.77283670216e-07, .0000560354674361, 6.70794454717e-06, .000198559079549, -5.25807633563e-06, -1.26059864910e-06, -.0000102428993403, -1.98183041613e-07, -4.36286362573e-08, -1.10418765325e-06, 1.01191440100e-08, 2.40788952897e-09, 4.32101466331e-08
-.0062061805717822, -.0034447813020563, -.0346541892390961, -.0000829467602619, -.0000523613691931, .0001190975404901, .0000365113144841, .0000161879987324, .0001492350322646, -9.26828765578e-07, -3.82611489618e-07, -4.08036132539e-06, .0005929928954256, .0003284402715061, .0032721420203112, .0000101554380629, 6.09959962958e-06, .0000106872322106, -3.42099815707e-06, -1.52121228226e-06, -.0000137970080794, 8.42229116705e-08, 3.50748846608e-08, 3.59198059137e-07, 6.88604611219e-06, .0000111359605437, .0001898089670023, -1.17337138119e-06, -1.12240999419e-06, -.0000284447972692, -8.51276481287e-08, -1.50692684461e-08, 4.15324836256e-07, 3.81549524551e-09, 1.21715495248e-09, 9.65862594892e-09
-.076577973257183, -.034668205168591, -.7906011403560864, -.0027777656290406, -.0004329101879117, -.0069651151317917, .000367721395085, .0001453340368963, .0035054922177868, -8.61969711851e-06, -3.64767876358e-06, -.0000909775426328, .0072890925751477, .0032721420203112, .076059665747608, .0003424147467734, .0000642439419958, .0012852849078, -.0000331126679714, -.0000133894794335, -.0003252836635133, 7.06414249276e-07, 3.15950591079e-07, 7.81210496631e-06, .0002139252448057, .0001756930744113, .0028768533797908, -.0000419064511137, -.0000255006003616, -.0006551391827474, 9.68274616728e-09, 4.11958836134e-07, .0000136149201061, 3.77515917764e-08, 7.73865173616e-09, 1.66620555856e-07
-.0006952106971862, -.0000972877204823, -.0034292256173104, -.000106397935182, -.0000127073625609, -.0002658354984785, 3.73492461435e-06, 6.03238284426e-07, .0000227686554548, -1.91114840619e-08, -6.67759174494e-09, -3.98232645218e-07, .0000688469871972, .0000101554380629, .0003424147467734, .0000102874577852, 1.22534790662e-06, .0000267696473427, -3.58758084895e-07, -6.03710868176e-08, -2.19117180372e-06, 1.92090723533e-09, 6.62489540483e-10, 3.68181138387e-08, -1.13130893195e-06, -1.67560729456e-07, -4.96851110753e-06, 5.50312510510e-07, 5.16450369729e-08, 4.47293565135e-08, -2.07800884362e-08, -1.24647625749e-09, -1.53534755453e-08, 1.30823158638e-10, 4.94684002335e-12, 6.26238583273e-10
-.0001757649901654, -.0000630747445701, -.0006547317149192, -.0000129693627467, -6.86901023129e-06, -.0000726997601755, 1.08633767506e-06, 5.00815203757e-07, 5.38535360141e-06, -2.03240538623e-08, -9.08261070037e-09, -9.62806901966e-08, .0000161426685695, 6.09959962958e-06, .0000642439419958, 1.22534790662e-06, 6.69036499812e-07, 7.58891202650e-06, -1.02063605941e-07, -4.75334731397e-08, -5.05546577104e-07, 1.93146632512e-09, 8.43116581193e-10, 8.34337090518e-09, 2.47576762523e-07, -1.03807732162e-07, -1.31397801657e-06, 1.04587383912e-07, 5.40179997175e-08, 1.48631320597e-07, -7.09900954584e-09, -3.23480146780e-09, -1.70309502092e-08, 1.21061798635e-10, 5.84101303345e-11, 4.67656597104e-10
-.0019410866913891, -.0000375176081561, -.0117533586221554, -.0002557640005123, -.000074709742298, -.0022734204570102, 7.88458267378e-06, 2.23665017304e-06, .0001316450510023, -5.79611052066e-08, -2.38498887872e-08, -2.06170716537e-06, .0001870033622895, .0000106872322106, .0012852849078, .0000267696473427, 7.58891202650e-06, .000229532653468, -7.22536453876e-07, -2.27656371098e-07, -.0000128261323137, 2.54903819809e-09, 1.77034005463e-09, 1.86245685243e-07, 2.17957350922e-06, -6.29317589677e-06, -.0001248600324416, -7.12492890709e-07, 4.10388920450e-07, .0000110613784296, 3.31572797245e-08, -1.87270705323e-09, -4.08650490074e-07, -1.11638221026e-10, 3.30690665355e-11, 7.87789019575e-09
.0001422140431036, .0000352189064447, .000345686255437, 3.95763321769e-06, 1.06320383378e-06, 6.98205661522e-06, -8.49005283286e-07, -2.18314869980e-07, -2.24542852748e-06, 1.92835479277e-08, 4.92292681590e-09, 5.56426138457e-08, -.0000135251494577, -3.42099815707e-06, -.0000331126679714, -3.58758084895e-07, -1.02063605941e-07, -7.22536453876e-07, 8.12545050685e-08, 2.08989843101e-08, 2.13804158697e-07, -1.85993090304e-09, -4.71826881942e-10, -5.24180074315e-09, -2.77383929321e-07, -4.41616180954e-08, -1.38143855190e-06, -3.40681521062e-08, -5.36645660827e-09, -9.05052396219e-10, 4.05157474211e-09, 9.29169208266e-10, 1.02075154417e-08, -8.76978908216e-11, -2.21098143456e-11, -2.91664714503e-10
.0000337779751067, .0000158034767643, .0001399324549841, 6.31192920326e-07, 4.73791607488e-07, 1.58808588644e-06, -2.21332231963e-07, -9.51581572496e-08, -8.21932302274e-07, 5.51041798768e-09, 2.17033448403e-09, 2.12362566291e-08, -3.14624521611e-06, -1.52121228226e-06, -.0000133894794335, -6.03710868176e-08, -4.75334731397e-08, -2.27656371098e-07, 2.08989843101e-08, 9.05127121565e-09, 7.73477356815e-08, -5.15811697672e-10, -2.04180227295e-10, -1.92436008862e-09, -7.16183495366e-08, -2.80635709619e-08, -5.72753928758e-07, -7.12865322826e-09, -6.74200762547e-10, 6.48261203008e-08, 1.17467688221e-09, 3.40185776089e-10, 9.59061740709e-10, -2.97978323838e-11, -9.34226860849e-12, -8.23105587337e-11
.0004394652478824, .0001410320414994, .0032802487770978, .0000192344832696, 4.37878834558e-06, .0001076579718243, -2.33897864551e-06, -8.16571824464e-07, -.0000207363972353, 5.22865604392e-08, 1.93573434327e-08, 5.01071800285e-07, -.0000411507937013, -.0000137970080794, -.0003252836635133, -2.19117180372e-06, -5.05546577104e-07, -.0000128261323137, 2.13804158697e-07, 7.73477356815e-08, 1.96886677341e-06, -4.42952422125e-09, -1.74011124470e-09, -4.44949993656e-08, -1.79506075789e-06, -3.87062291416e-07, -3.39333624210e-06, 1.36756436660e-07, 5.83444752938e-08, 1.50480339728e-06, 5.85609436856e-09, 2.68352073859e-10, -1.99972739624e-09, -2.93750459063e-10, -6.19252780165e-11, -1.61532731304e-09
-3.20198942713e-06, -8.73047983483e-07, -7.47625107144e-06, -2.42509660819e-08, -1.97339752362e-08, -9.42796664644e-09, 1.95068932169e-08, 5.41644787712e-09, 4.68938647680e-08, -5.01899171665e-10, -1.29257496304e-10, -1.31106176128e-09, 3.02036497343e-07, 8.42229116705e-08, 7.06414249276e-07, 1.92090723533e-09, 1.93146632512e-09, 2.54903819809e-09, -1.85993090304e-09, -5.15811697672e-10, -4.42952422125e-09, 4.79586025238e-11, 1.22816045333e-11, 1.22143381001e-10, 7.97094018956e-09, 1.20393183319e-09, 4.03622888798e-08, 3.90303496841e-10, 1.03613923586e-10, -8.09257855140e-10, -8.87195982654e-11, -2.37843994252e-11, -2.31789411285e-10, 2.28425783208e-12, 6.08103732240e-13, 7.45454315506e-12
-7.63158014099e-07, -3.64436897813e-07, -3.30456542492e-06, -6.38483818753e-09, -8.18837621825e-09, 7.27551005995e-10, 5.00805021045e-09, 2.14828180670e-09, 1.85201199611e-08, -1.32213853354e-10, -5.10314776228e-11, -5.13002772613e-10, 7.10766494461e-08, 3.50748846608e-08, 3.15950591079e-07, 6.62489540483e-10, 8.43116581193e-10, 1.77034005463e-09, -4.71826881942e-10, -2.04180227295e-10, -1.74011124470e-09, 1.22816045333e-11, 4.78679908564e-12, 4.63507886881e-11, 1.73857814945e-09, 7.18835252059e-10, 1.48858340532e-08, 8.04056677539e-11, -1.31756680647e-11, -1.92060173494e-09, -2.45901284403e-11, -6.87502670374e-12, -7.64645515261e-12, 7.00049569654e-13, 2.12239135192e-13, 1.87140062010e-12
-.0000104964872785, -3.71564114533e-06, -.0000794777641336, -2.99909040684e-07, -6.51922931660e-08, -1.30574747381e-06, 5.74859524772e-08, 2.04590021921e-08, 4.71385410032e-07, -1.42265310305e-09, -5.13939548645e-10, -1.23725894441e-08, 9.77283670216e-07, 3.59198059137e-07, 7.81210496631e-06, 3.68181138387e-08, 8.34337090518e-09, 1.86245685243e-07, -5.24180074315e-09, -1.92436008862e-09, -4.44949993656e-08, 1.22143381001e-10, 4.63507886881e-11, 1.09510696994e-09, 4.71151055025e-08, 1.37166082561e-08, 1.57486717680e-07, -3.64750315519e-09, -1.81526031711e-09, -4.78239162016e-08, -1.62537868216e-10, -7.51222776464e-12, 3.19824632908e-10, 7.97140720074e-12, 1.71765168528e-12, 3.96778575672e-11
-.0007972333759141, -.0000802689966349, -.002407495630603, .0000161802047601, -2.70559039507e-06, -7.17441476293e-06, 3.53736696205e-06, 7.96879500256e-07, .000020035251146, -9.83162630011e-08, -1.82777863996e-08, -5.48779665492e-07, .0000560354674361, 6.88604611219e-06, .0002139252448057, -1.13130893195e-06, 2.47576762523e-07, 2.17957350922e-06, -2.77383929321e-07, -7.16183495366e-08, -1.79506075789e-06, 7.97094018956e-09, 1.73857814945e-09, 4.71151055025e-08, .0000220500250526, 2.15243370247e-06, .0000248822258584, -5.83710596081e-07, 1.76206794960e-08, -1.05669392401e-06, -5.23742837665e-08, -1.00230458503e-08, -1.19369249310e-07, 1.50498289136e-09, 2.10624886075e-10, 4.41037567358e-09
-.0000816458880854, -.0001384061735767, -.002085418161862, 2.93467523912e-06, 1.67151375245e-06, .0000816179140256, 5.47813456088e-07, 3.53927041085e-07, 4.93912101545e-06, -1.43968890946e-08, -8.77862338090e-09, -1.74853089034e-07, 6.70794454717e-06, .0000111359605437, .0001756930744113, -1.67560729456e-07, -1.03807732162e-07, -6.29317589677e-06, -4.41616180954e-08, -2.80635709619e-08, -3.87062291416e-07, 1.20393183319e-09, 7.18835252059e-10, 1.37166082561e-08, 2.15243370247e-06, 2.40624135522e-06, .0000276241759995, -5.85081982229e-08, -1.40735359252e-07, -3.04872273696e-06, -8.16095404591e-09, -3.76689699150e-10, 4.63636362634e-08, 2.05791500065e-10, 6.24404524455e-11, 5.98982684719e-10
-.0022922507844933, -.0022672610984625, -.0370209900752357, .000052113934619, .0000171698167443, .001424418182526, .0000156389489948, 6.74364047804e-06, .0000530232296314, -4.44200893257e-07, -1.72303592875e-07, -2.12728588344e-06, .000198559079549, .0001898089670023, .0028768533797908, -4.96851110753e-06, -1.31397801657e-06, -.0001248600324416, -1.38143855190e-06, -5.72753928758e-07, -3.39333624210e-06, 4.03622888798e-08, 1.48858340532e-08, 1.57486717680e-07, .0000248822258584, .0000276241759995, .0007023953702017, -1.42576196420e-06, -1.56848030363e-06, -.0000512237491327, -6.83242047166e-08, -7.84636665648e-09, 6.14411401492e-07, 2.51984996654e-09, 8.99725712522e-10, 1.04954970815e-08
.000047109741266, 9.24483431959e-06, .0004117866588605, -.0000106514410773, -2.01796097046e-06, 6.19859240662e-07, 2.71961738884e-07, 6.31899563491e-08, -1.47109569115e-06, 3.21535701417e-09, 4.65852439562e-10, 4.89290886915e-08, -5.25807633563e-06, -1.17337138119e-06, -.0000419064511137, 5.50312510510e-07, 1.04587383912e-07, -7.12492890709e-07, -3.40681521062e-08, -7.12865322826e-09, 1.36756436660e-07, 3.90303496841e-10, 8.04056677539e-11, -3.64750315519e-09, -5.83710596081e-07, -5.85081982229e-08, -1.42576196420e-06, 5.61177336960e-07, 1.14814703744e-07, 8.28114746345e-07, -2.23759477631e-08, -5.11537381387e-09, -3.62302972452e-08, 1.57497132260e-10, 4.59311500115e-11, 2.42186518218e-10
9.56367844725e-06, .0000116971672929, .0002618498858402, -1.55113100294e-06, -8.64314602355e-07, -7.98592430401e-06, 4.17276800079e-08, 9.44710933955e-10, -6.75402095240e-07, 2.66544716066e-10, 5.18717028191e-10, 2.36064767663e-08, -1.26059864910e-06, -1.12240999419e-06, -.0000255006003616, 5.16450369729e-08, 5.40179997175e-08, 4.10388920450e-07, -5.36645660827e-09, -6.74200762547e-10, 5.83444752938e-08, 1.03613923586e-10, -1.31756680647e-11, -1.81526031711e-09, 1.76206794960e-08, -1.40735359252e-07, -1.56848030363e-06, 1.14814703744e-07, 4.76467065535e-08, 5.91400997694e-07, -4.98448391918e-09, -1.79457877580e-09, -2.16214152900e-08, 4.56809148764e-11, 1.62642600856e-11, 1.66324858873e-10
.0001221948772304, .0003132010118615, .0069707155537053, -9.54426784422e-06, -5.55318626308e-06, -.0002191228192532, -2.98230296485e-07, -8.13991882591e-07, -.0000184613657862, 2.34230115543e-08, 2.57960542473e-08, 6.48020488220e-07, -.0000102428993403, -.0000284447972692, -.0006551391827474, 4.47293565135e-08, 1.48631320597e-07, .0000110613784296, -9.05052396219e-10, 6.48261203008e-08, 1.50480339728e-06, -8.09257855140e-10, -1.92060173494e-09, -4.78239162016e-08, -1.05669392401e-06, -3.04872273696e-06, -.0000512237491327, 8.28114746345e-07, 5.91400997694e-07, .0000156942920216, -2.72866111377e-08, -1.64485385642e-08, -5.17902458706e-07, 9.42476361265e-11, 6.16031760152e-11, 3.01143185430e-09
3.13184388987e-06, 1.05682248433e-06, 1.61155031519e-06, 3.91790557053e-07, 1.10467472580e-07, -1.78279582537e-07, -4.15264571240e-08, -1.20433282588e-08, -6.42504630059e-08, 7.03782051597e-10, 2.07557621234e-10, 1.51875520205e-09, -1.98183041613e-07, -8.51276481287e-08, 9.68274616728e-09, -2.07800884362e-08, -7.09900954584e-09, 3.31572797245e-08, 4.05157474211e-09, 1.17467688221e-09, 5.85609436856e-09, -8.87195982654e-11, -2.45901284403e-11, -1.62537868216e-10, -5.23742837665e-08, -8.16095404591e-09, -6.83242047166e-08, -2.23759477631e-08, -4.98448391918e-09, -2.72866111377e-08, 1.27402847011e-09, 2.85579189443e-10, 2.09576890827e-09, -1.59567657251e-11, -3.63735397887e-12, -3.37112504873e-11
6.96781063380e-07, 2.11272964412e-07, -3.54275284681e-06, 5.39686334725e-08, 4.43524611261e-08, 1.14283167722e-07, -9.46791439199e-09, -3.48721428557e-09, -2.80519948588e-09, 1.99313847955e-10, 6.01272183293e-11, -5.31951580860e-12, -4.36286362573e-08, -1.50692684461e-08, 4.11958836134e-07, -1.24647625749e-09, -3.23480146780e-09, -1.87270705323e-09, 9.29169208266e-10, 3.40185776089e-10, 2.68352073859e-10, -2.37843994252e-11, -6.87502670374e-12, -7.51222776464e-12, -1.00230458503e-08, -3.76689699150e-10, -7.84636665648e-09, -5.11537381387e-09, -1.79457877580e-09, -1.64485385642e-08, 2.85579189443e-10, 9.38098898738e-11, 8.76274737080e-10, -3.69264597039e-12, -1.23375902402e-12, -1.18013416126e-11
.0000125133504146, -4.32773195862e-06, -.0001359855745911, 5.15750680181e-07, 3.24347282897e-07, 7.58327476268e-06, -1.00002764101e-07, -6.70441591597e-09, 8.51288518877e-08, 1.91623041473e-09, -1.10929939941e-10, -7.46667032934e-09, -1.10418765325e-06, 4.15324836256e-07, .0000136149201061, -1.53534755453e-08, -1.70309502092e-08, -4.08650490074e-07, 1.02075154417e-08, 9.59061740709e-10, -1.99972739624e-09, -2.31789411285e-10, -7.64645515261e-12, 3.19824632908e-10, -1.19369249310e-07, 4.63636362634e-08, 6.14411401492e-07, -3.62302972452e-08, -2.16214152900e-08, -5.17902458706e-07, 2.09576890827e-09, 8.76274737080e-10, 2.20812535688e-08, -2.67231839843e-11, -8.53988162380e-12, -2.32028007028e-10
-1.25161837511e-07, -4.15716880486e-08, -4.14884508408e-07, -1.93672813970e-09, -1.46376206158e-09, 2.58606682958e-09, 9.56857516595e-10, 3.12925253367e-10, 3.16091548467e-09, -2.41634029788e-11, -7.14097378296e-12, -8.80904904002e-11, 1.01191440100e-08, 3.81549524551e-09, 3.77515917764e-08, 1.30823158638e-10, 1.21061798635e-10, -1.11638221026e-10, -8.76978908216e-11, -2.97978323838e-11, -2.93750459063e-10, 2.28425783208e-12, 7.00049569654e-13, 7.97140720074e-12, 1.50498289136e-09, 2.05791500065e-10, 2.51984996654e-09, 1.57497132260e-10, 4.56809148764e-11, 9.42476361265e-11, -1.59567657251e-11, -3.69264597039e-12, -2.67231839843e-11, 3.10398775795e-13, 6.65259705110e-14, 7.28273614993e-13
-2.86733701672e-08, -1.37138861828e-08, -9.35375103238e-08, -2.94689212213e-10, -6.60731335827e-10, -1.33608898832e-10, 2.35777881049e-10, 9.92996295875e-11, 6.78641758551e-10, -6.25377658339e-12, -2.22089822990e-12, -1.93738939117e-11, 2.40788952897e-09, 1.21715495248e-09, 7.73865173616e-09, 4.94684002335e-12, 5.84101303345e-11, 3.30690665355e-11, -2.21098143456e-11, -9.34226860849e-12, -6.19252780165e-11, 6.08103732240e-13, 2.12239135192e-13, 1.71765168528e-12, 2.10624886075e-10, 6.24404524455e-11, 8.99725712522e-10, 4.59311500115e-11, 1.62642600856e-11, 6.16031760152e-11, -3.63735397887e-12, -1.23375902402e-12, -8.53988162380e-12, 6.65259705110e-14, 2.25038538870e-14, 2.07694469419e-13
-4.90448069107e-07, -1.08145909828e-07, -1.86818449744e-06, -6.94960478909e-09, -5.50004684316e-09, -8.73655596910e-08, 3.13482505903e-09, 8.63610659807e-10, 1.69057045906e-08, -7.95969549933e-11, -1.93162468820e-11, -4.27096620563e-10, 4.32101466331e-08, 9.65862594892e-09, 1.66620555856e-07, 6.26238583273e-10, 4.67656597104e-10, 7.87789019575e-09, -2.91664714503e-10, -8.23105587337e-11, -1.61532731304e-09, 7.45454315506e-12, 1.87140062010e-12, 3.96778575672e-11, 4.41037567358e-09, 5.98982684719e-10, 1.04954970815e-08, 2.42186518218e-10, 1.66324858873e-10, 3.01143185430e-09, -3.37112504873e-11, -1.18013416126e-11, -2.32028007028e-10, 7.28273614993e-13, 2.07694469419e-13, 4.80819896919e-12
residvcv
479368.4565174809
