---
oneline: Mortality global age‑combined spec4  results
version: MORTALITY-AGE-COMBINED-SPEC4-
dependencies: agespec_interaction_response_car.ster
description: 4th-order polynomial OLS, population‑weighted; ADM2 & ADM0×Year FE
csvv-version: aliabonanno-2025-07-23
variables:
  tavg_poly_1: T1_sum [C]
  tavg_poly_2: T2_sum [C^2]
  tavg_poly_3: T3_sum [C^3]
  tavg_poly_4: T4_sum [C^4]
  lr_tavg: yearly avg tas [C]
  deathrate_w99: death rate winsorized at 99th percentile
  loggdppc_adm0_avg: log GDP per capita
...
observations
 411208
prednames
tavg_poly_1, tavg_poly_2, tavg_poly_3, tavg_poly_4
covarnames
1, lr_tavg, loggdppc_adm0_avg
gamma
-.1942179590549493, .0365418528699283, 6.3628308036857, -.0714296142884504, .0325817508495873, .881589033534275, .0022522107747267, -.0031123253793729, -.0776999532365025, -2.60071150937e-06, .0000637668671966, .00151759706672
, .0537782219295183, .0061645639550872, -.9427620757348971, .0047069554566517, -.003234330741124, -.0906553334509416, -.0003025897454364, .0002967493741069, .0081598437197006, 3.80862719844e-06, -6.07823391132e-06, -.0001540495010907
, -.0264306172262199, -.013537258143447, .1714302360195313, .0026519473269635, .0003118831697125, -.0008392338431132, -.0000387227479024, 8.10382974850e-06, -.0001480925263174, -4.99699084951e-07, -2.82954054967e-07, 1.17346419764e-06
gammavcv
.3548956107940305, .013403630328063, -.0481782771275551, .0143294330555107, .0009704148406682, .0504270542682408, -.0018759664930939, -.0001385482596403, -.0031514279174324, .0000363104481078, 2.84285935098e-06, .0000517329269449, -.0351851315922925, -.0018494330518014, -.0085776725026253, -.0012896605613149, -.0000877581588479, -.0047880631651997, .0001760838798227, .0000126425603282, .0003206543949907, -3.43023489027e-06, -2.56021983706e-07, -5.40115789964e-06, .0002780522426438, .0007848417976057, .0102762159316327, -.0002024367584763, -.0000332774308052, -.000431658559553, .0000132389259168, 1.24816270946e-06, 7.48082176994e-06, -2.21137887065e-07, -1.93792793322e-08, -1.47413262554e-08
.013403630328063, .0515271666522585, .4460328406395744, -.0047218361787797, .0005932558940195, .0141375471925492, .0002586671264371, -.0001590936653423, -.001961172305182, -4.50487210330e-06, 3.29636970725e-06, .0000388528867036, -.0026037364351427, -.0057257871791126, -.0470488693460393, .000489013172896, -.0000401643749455, -.0012965507061424, -.000024603992495, .0000149411028823, .000186012788604, 4.01360743578e-07, -3.08681827080e-07, -3.63459064010e-06, .0013343508851731, .0006737891588661, .0025495979525521, -.0000695784989254, -.0000489027362593, -.0002486923428046, 1.27160440622e-06, 1.94727279512e-06, .00001292918588, 2.93253484813e-09, -2.89183694286e-08, -2.27503497816e-07
-.0481782771275551, .4460328406395744, 23.04628401487579, .0033257393321629, .0036848059586499, .0845827169084304, .0006076100504657, -.0013618250530727, -.0580121185718585, -.0000186756521475, .000029322005181, .0012498671560477, -.0132964316271858, -.0478995541397923, -2.739425419310376, -.000494533032866, -.0002699498660499, -.00328795526454, -.0000347054261408, .0001311848539407, .0061748365032123, 1.38760133647e-06, -2.82140125545e-06, -.0001326981752238, .0143474367063416, .0027840333708671, .2655138084348767, -.0001775187210719, -.0002122029488661, -.0128728953493575, -.0000137228385827, 9.48631021141e-06, .0003156238757702, 3.47743774645e-07, -1.51531198973e-07, -3.51217148110e-06
.0143294330555107, -.0047218361787797, .0033257393321629, .0100996620434838, -.0003034806538434, -.0006329684724508, -.0006103555994783, .000031186156656, -.0000274953561135, 9.93553759928e-06, -5.60254499079e-07, 1.65227994996e-06, -.0014202152118109, .0003803338998964, .0012595954824524, -.0009843983135042, .0000369948986302, .0000602306258104, .0000587307586741, -3.05290762289e-06, 1.45126823569e-06, -9.38938142465e-07, 5.22263021713e-08, -1.29141529606e-07, -.0001703114836768, .0001311824360689, -.0017035344820506, -.0000241423070297, -.0000110983960524, .0000632791566991, 2.00306260310e-06, 2.48517010027e-07, -1.27867871822e-06, -4.00480057113e-08, -1.46326877328e-09, 5.86895837875e-09
.0009704148406682, .0005932558940195, .0036848059586499, -.0003034806538434, .0005402013378921, .0076244057948201, .0000328525764433, -.0000333348472385, -.0004788422773065, -7.23065352763e-07, 5.37784923118e-07, 7.96499532341e-06, -.0002903700209726, -.0001266481216606, -.0012343278112509, .0000395258613879, -.0000493876386452, -.0007193196006876, -2.99250077881e-06, 3.27843655087e-06, .0000481629577967, 5.85957871642e-08, -5.45131023570e-08, -8.19157395579e-07, .0001896565847172, .0000539268063402, .0005139721805043, -.0000138510418548, -6.59863954314e-06, -.0000625500581677, 1.65834515206e-07, 2.39168628747e-07, 2.16275608125e-06, 3.00745862430e-09, -2.79341755722e-09, -2.48307491600e-08
.0504270542682408, .0141375471925492, .0845827169084304, -.0006329684724508, .0076244057948201, .2837366996027712, .0001192408213103, -.0004820457080982, -.0177872684472937, -3.67508835001e-06, 7.96573043800e-06, .0002959253954578, -.0054931446829003, -.0023468164783926, -.0516805076496908, .0001066776841303, -.0007126116479342, -.0270092996177194, -.0000130468676768, .0000477606135734, .0017925205118184, 3.59494275018e-07, -8.01464800499e-07, -.0000302643353787, .0005930961877134, .0007046331400842, .0271510997557537, -.0000645488086337, -.0000802155822315, -.0020664308756359, 1.15212182615e-06, 2.84790614704e-06, .0000638273204531, 9.51138324123e-09, -3.48699950392e-08, -7.28455813142e-07
-.0018759664930939, .0002586671264371, .0006076100504657, -.0006103555994783, .0000328525764433, .0001192408213103, .0000434510763513, -2.26831765462e-06, -4.78187188366e-06, -7.63196493297e-07, 3.50878741494e-08, 1.99968250397e-08, .0001702897715877, -.0000256482855591, -.0001333519411892, .0000597973162405, -3.34174601965e-06, -.0000107619485595, -4.16207384688e-06, 2.27742576528e-07, 5.21841455386e-07, 7.19348965422e-08, -3.52650744997e-09, -3.17523167839e-09, .0000264165438302, -3.44410442421e-06, .0000719477711956, 8.28139034472e-07, 1.53608495282e-07, -4.71986416168e-06, -1.45023559209e-07, -1.61458593770e-09, 1.55513540375e-07, 3.23436048768e-09, -6.09177115275e-12, -1.88472077909e-09
-.0001385482596403, -.0001590936653423, -.0013618250530727, .000031186156656, -.0000333348472385, -.0004820457080982, -2.26831765462e-06, 2.44510286898e-06, .0000335559844813, 4.48901323868e-08, -4.23162672854e-08, -5.80239543253e-07, .0000263567280357, .0000204245148856, .0001963615892438, -3.63286173634e-06, 3.05539172310e-06, .0000453415107359, 2.07544304200e-07, -2.38418508476e-07, -3.34705931093e-06, -3.58845895934e-09, 4.19490388491e-09, 5.87626089877e-08, -.0000122109866761, -3.85915471047e-06, -.0000407504471448, 8.34369214299e-07, 4.33184763794e-07, 4.46172908772e-06, -1.03421375854e-08, -1.72604918122e-08, -1.64868754939e-07, -1.87831269580e-10, 2.29758723853e-10, 2.10606228214e-09
-.0031514279174324, -.001961172305182, -.0580121185718585, -.0000274953561135, -.0004788422773065, -.0177872684472937, -4.78187188366e-06, .0000335559844813, .0012593124039616, 1.93446939292e-07, -5.78903005745e-07, -.0000218813280658, .0003793428875562, .0002616653295631, .0089184442073798, 1.38366260238e-06, .0000446771932122, .0016903723461148, 5.07314035500e-07, -3.31337399683e-06, -.0001269051461602, -1.89690374252e-08, 5.77648403436e-08, 2.22799273788e-06, -.0000654922429096, -.0000514065806286, -.0019164939691964, 3.32789151520e-06, 5.38386648810e-06, .0001406680520069, -1.22180210492e-08, -1.96603614328e-07, -4.53362271279e-06, -1.40448003631e-09, 2.54031747186e-09, 5.62547393641e-08
.0000363104481078, -4.50487210330e-06, -.0000186756521475, 9.93553759928e-06, -7.23065352763e-07, -3.67508835001e-06, -7.63196493297e-07, 4.48901323868e-08, 1.93446939292e-07, 1.38811721607e-08, -6.53654376302e-10, -2.23073660815e-09, -3.13994157779e-06, 5.15462473599e-07, 2.98581703621e-06, -9.81051468847e-07, 6.93188342782e-08, 3.35029798911e-07, 7.29595395319e-08, -4.52548321835e-09, -1.96101148938e-08, -1.30414982017e-09, 6.76156597924e-11, 2.30965019861e-10, -6.43975040631e-07, -8.65758434629e-09, -1.01445533998e-06, -6.49272706727e-10, 3.80247987065e-09, 9.35560829073e-08, 2.38018184745e-09, -1.47969489372e-10, -3.53147600135e-09, -5.88825061076e-11, 1.57305534559e-12, 4.80924739703e-11
2.84285935098e-06, 3.29636970725e-06, .000029322005181, -5.60254499079e-07, 5.37784923118e-07, 7.96573043800e-06, 3.50878741494e-08, -4.23162672854e-08, -5.78903005745e-07, -6.53654376302e-10, 7.55185414626e-10, 1.01984259973e-08, -4.75460366152e-07, -4.02242113527e-07, -3.94656499254e-06, 6.33634854092e-08, -4.94956520519e-08, -7.49879703806e-07, -3.20883862038e-09, 4.11500387486e-09, 5.76030600351e-08, 5.12230366625e-11, -7.42484876222e-11, -1.02725863100e-09, 1.84830732824e-07, 6.29683428758e-08, 7.10119126682e-07, -1.22621425111e-08, -6.91754112668e-09, -7.45722434073e-08, 1.53696774134e-10, 2.89471615636e-10, 2.82858010203e-09, 2.89489876344e-12, -4.09061075669e-12, -3.76813788426e-11
.0000517329269449, .0000388528867036, .0012498671560477, 1.65227994996e-06, 7.96499532341e-06, .0002959253954578, 1.99968250397e-08, -5.80239543253e-07, -.0000218813280658, -2.23073660815e-09, 1.01984259973e-08, 3.86739992043e-07, -6.41733530611e-06, -5.01482612723e-06, -.0001759227383444, -1.55348387042e-07, -7.43533993933e-07, -.0000281779108154, -2.32253717854e-09, 5.72170965283e-08, 2.20151547649e-06, 2.24121643377e-10, -1.01382170012e-09, -3.92064489820e-08, 1.21509467065e-06, 9.06567453873e-07, .0000308539011997, -4.38577437951e-08, -9.09340002194e-08, -2.27155499856e-06, -3.81672151956e-10, 3.34811546625e-09, 7.59273946903e-08, 2.92359077747e-11, -4.43602297379e-11, -9.95456284696e-10
-.0351851315922925, -.0026037364351427, -.0132964316271858, -.0014202152118109, -.0002903700209726, -.0054931446829003, .0001702897715877, .0000263567280357, .0003793428875562, -3.13994157779e-06, -4.75460366152e-07, -6.41733530611e-06, .0040095440342852, .0003671407630289, .0018040081033401, .0001013763231183, .000024080778893, .0005274003223302, -.0000164459554456, -2.49778045275e-06, -.0000373129015113, 3.21956655967e-07, 4.65250258232e-08, 6.41114868198e-07, -.0005254088225861, -.0001292559855804, -.0002317972117077, .0000596392833056, 9.17594233957e-06, .000024763251641, -2.08928447866e-06, -3.10647046794e-07, -1.05807177556e-06, 2.23732998567e-08, 3.63990067039e-09, 1.24785067818e-08
-.0018494330518014, -.0057257871791126, -.0478995541397923, .0003803338998964, -.0001266481216606, -.0023468164783926, -.0000256482855591, .0000204245148856, .0002616653295631, 5.15462473599e-07, -4.02242113527e-07, -5.01482612723e-06, .0003671407630289, .0006923138669936, .0051240224416029, -.0000419798814537, 8.09825613369e-06, .0002141375572682, 2.46679249956e-06, -1.93024025892e-06, -.0000250216190504, -4.63038931970e-08, 3.85176035041e-08, 4.76170203040e-07, -.0001929950838622, -.0001415629200398, -.0002790000448203, .0000123457231493, .0000102168166634, .000034717756892, -2.90788298619e-07, -3.46726680333e-07, -1.72786247283e-06, 1.21502448045e-09, 4.47185905884e-09, 2.87986429741e-08
-.0085776725026253, -.0470488693460393, -2.739425419310376, .0012595954824524, -.0012343278112509, -.0516805076496908, -.0001333519411892, .0001963615892438, .0089184442073798, 2.98581703621e-06, -3.94656499254e-06, -.0001759227383444, .0018040081033401, .0051240224416029, .3790571260957507, -.0000701229638575, .0001094297795795, .0037001874805326, .000010569388767, -.0000191460218355, -.0009954960503895, -2.58812439505e-07, 3.86020369161e-07, .0000200344373149, -.0006506254193749, -.0003105292940107, -.0678191444014968, -.000044045282075, .0000252565281166, .0030757477569865, 3.23357276410e-06, -1.10907191645e-06, -.0000537967871745, -5.51660764241e-08, 1.69773342839e-08, 2.78142033769e-07
-.0012896605613149, .000489013172896, -.000494533032866, -.0009843983135042, .0000395258613879, .0001066776841303, .0000597973162405, -3.63286173634e-06, 1.38366260238e-06, -9.81051468847e-07, 6.33634854092e-08, -1.55348387042e-07, .0001013763231183, -.0000419798814537, -.0000701229638575, .0000978856689363, -4.39841977643e-06, -.0000104445947419, -5.73631602076e-06, 3.54755549904e-07, -4.76393194927e-08, 9.11755363863e-08, -6.04413960629e-09, 1.24089094626e-08, .0000429053086571, -.0000108835612383, .000131424672282, -2.82240777107e-07, 8.09995153181e-07, -5.40783435328e-06, -1.30974885778e-07, -1.48162825984e-08, 1.33278047207e-07, 3.63204816020e-09, 5.35232830185e-11, -8.23531189584e-10
-.0000877581588479, -.0000401643749455, -.0002699498660499, .0000369948986302, -.0000493876386452, -.0007126116479342, -3.34174601965e-06, 3.05539172310e-06, .0000446771932122, 6.93188342782e-08, -4.94956520519e-08, -7.43533993933e-07, .000024080778893, 8.09825613369e-06, .0001094297795795, -4.39841977643e-06, 4.61863267044e-06, .0000676140165333, 3.05041910507e-07, -3.00995285730e-07, -4.50454608109e-06, -5.67684242548e-09, 4.99297888506e-09, 7.65037539539e-08, -.0000149141828391, -2.39422323596e-06, -.0000512755003576, 9.94467055130e-07, 4.05745757120e-07, 5.51759444987e-06, -5.79645256780e-09, -1.61741834566e-08, -1.82832203090e-07, -3.79990114713e-10, 1.98316984010e-10, 2.05235741832e-09
-.0047880631651997, -.0012965507061424, -.00328795526454, .0000602306258104, -.0007193196006876, -.0270092996177194, -.0000107619485595, .0000453415107359, .0016903723461148, 3.35029798911e-07, -7.49879703806e-07, -.0000281779108154, .0005274003223302, .0002141375572682, .0037001874805326, -.0000104445947419, .0000676140165333, .0025944768013813, 1.21912894992e-06, -4.48915634620e-06, -.0001699076863617, -3.37513179017e-08, 7.51039362523e-08, 2.86236536264e-06, -.0000657228406187, -.0000652851465101, -.0020420926505826, 6.73477623792e-06, 7.20562693974e-06, .0001611952387226, -1.36863665757e-07, -2.55950753832e-07, -5.21979057834e-06, -3.93108297353e-10, 3.19504370262e-09, 6.34342755576e-08
.0001760838798227, -.000024603992495, -.0000347054261408, .0000587307586741, -2.99250077881e-06, -.0000130468676768, -4.16207384688e-06, 2.07544304200e-07, 5.07314035500e-07, 7.29595395319e-08, -3.20883862038e-09, -2.32253717854e-09, -.0000164459554456, 2.46679249956e-06, .000010569388767, -5.73631602076e-06, 3.05041910507e-07, 1.21912894992e-06, 4.00374036794e-07, -2.06994133103e-08, -5.53154498221e-08, -6.92977032754e-09, 3.17224425465e-10, 3.37021530890e-10, -2.21246776126e-06, 2.50426914561e-07, -7.00646211462e-06, -9.39000541412e-08, -1.08814477651e-08, 4.33811150683e-07, 1.33338404213e-08, 6.37391111549e-13, -1.42850435438e-08, -2.88386617838e-10, 3.53444683958e-12, 1.76984373019e-10
.0000126425603282, .0000149411028823, .0001311848539407, -3.05290762289e-06, 3.27843655087e-06, .0000477606135734, 2.27742576528e-07, -2.38418508476e-07, -3.31337399683e-06, -4.52548321835e-09, 4.11500387486e-09, 5.72170965283e-08, -2.49778045275e-06, -1.93024025892e-06, -.0000191460218355, 3.54755549904e-07, -3.00995285730e-07, -4.48915634620e-06, -2.06994133103e-08, 2.33326331281e-08, 3.31012900511e-07, 3.60224268893e-10, -4.10071231787e-10, -5.81097465001e-09, 1.18494555371e-06, 3.55077023495e-07, 4.05173360148e-06, -7.86245718478e-08, -4.08314116217e-08, -4.42108837096e-07, 8.00514067824e-10, 1.60918282051e-09, 1.60582074413e-08, 2.21249768447e-11, -2.10818569625e-11, -2.01056619944e-10
.0003206543949907, .000186012788604, .0061748365032123, 1.45126823569e-06, .0000481629577967, .0017925205118184, 5.21841455386e-07, -3.34705931093e-06, -.0001269051461602, -1.96101148938e-08, 5.76030600351e-08, 2.20151547649e-06, -.0000373129015113, -.0000250216190504, -.0009954960503895, -4.76393194927e-08, -4.50454608109e-06, -.0001699076863617, -5.53154498221e-08, 3.31012900511e-07, .0000128913495422, 1.94477169795e-09, -5.75770234556e-09, -2.26465795179e-07, 5.49697288362e-06, 4.96277522732e-06, .0002339121572735, -2.55020478697e-07, -5.19802332733e-07, -.0000153442297533, -1.02898076883e-09, 1.88021217049e-08, 4.41861815461e-07, 1.61061236899e-10, -2.41005353687e-10, -4.99108877884e-09
-3.43023489027e-06, 4.01360743578e-07, 1.38760133647e-06, -9.38938142465e-07, 5.85957871642e-08, 3.59494275018e-07, 7.19348965422e-08, -3.58845895934e-09, -1.89690374252e-08, -1.30414982017e-09, 5.12230366625e-11, 2.24121643377e-10, 3.21956655967e-07, -4.63038931970e-08, -2.58812439505e-07, 9.11755363863e-08, -5.67684242548e-09, -3.37513179017e-08, -6.92977032754e-09, 3.60224268893e-10, 1.94477169795e-09, 1.24815348762e-10, -5.16770198437e-12, -2.28125846815e-11, 4.02197632709e-08, 2.30785125937e-09, 1.09346664693e-07, 1.81022661118e-09, -3.50054762614e-10, -8.37203091769e-09, -2.45385197384e-10, 1.36761515475e-11, 3.07038780136e-10, 5.15459585621e-12, -1.81043653820e-13, -4.35754190175e-12
-2.56021983706e-07, -3.08681827080e-07, -2.82140125545e-06, 5.22263021713e-08, -5.45131023570e-08, -8.01464800499e-07, -3.52650744997e-09, 4.19490388491e-09, 5.77648403436e-08, 6.76156597924e-11, -7.42484876222e-11, -1.01382170012e-09, 4.65250258232e-08, 3.85176035041e-08, 3.86020369161e-07, -6.04413960629e-09, 4.99297888506e-09, 7.51039362523e-08, 3.17224425465e-10, -4.10071231787e-10, -5.75770234556e-09, -5.16770198437e-12, 7.37553936672e-12, 1.02650156844e-10, -1.96931665182e-08, -6.31556296472e-09, -7.11386015773e-08, 1.30671596556e-09, 7.11600092178e-10, 7.76697172113e-09, -1.41473771671e-11, -2.86028380655e-11, -2.89003438024e-10, -3.58080342602e-13, 3.86089786978e-13, 3.71454641803e-12
-5.40115789964e-06, -3.63459064010e-06, -.0001326981752238, -1.29141529606e-07, -8.19157395579e-07, -.0000302643353787, -3.17523167839e-09, 5.87626089877e-08, 2.22799273788e-06, 2.30965019861e-10, -1.02725863100e-09, -3.92064489820e-08, 6.41114868198e-07, 4.76170203040e-07, .0000200344373149, 1.24089094626e-08, 7.65037539539e-08, 2.86236536264e-06, 3.37021530890e-10, -5.81097465001e-09, -2.26465795179e-07, -2.28125846815e-11, 1.02650156844e-10, 4.03267874746e-09, -9.85246012359e-08, -8.71758522319e-08, -4.17312745271e-06, 2.99879147259e-09, 8.98335704944e-09, 2.70557414544e-07, 8.28095021635e-11, -3.26036049807e-10, -7.79722751787e-09, -3.51212266973e-12, 4.21591257479e-12, 8.92802677647e-11
.0002780522426438, .0013343508851731, .0143474367063416, -.0001703114836768, .0001896565847172, .0005930961877134, .0000264165438302, -.0000122109866761, -.0000654922429096, -6.43975040631e-07, 1.84830732824e-07, 1.21509467065e-06, -.0005254088225861, -.0001929950838622, -.0006506254193749, .0000429053086571, -.0000149141828391, -.0000657228406187, -2.21246776126e-06, 1.18494555371e-06, 5.49697288362e-06, 4.02197632709e-08, -1.96931665182e-08, -9.85246012359e-08, .0005046567656484, .0000600109971892, -.0007518678562353, -.000040532535503, -6.28431090891e-06, .0000224397968118, 8.60857393494e-07, 2.02485309809e-07, 8.46049113893e-08, -2.20479879627e-09, -1.99305262966e-09, -8.05825306976e-09
.0007848417976057, .0006737891588661, .0027840333708671, .0001311824360689, .0000539268063402, .0007046331400842, -3.44410442421e-06, -3.85915471047e-06, -.0000514065806286, -8.65758434629e-09, 6.29683428758e-08, 9.06567453873e-07, -.0001292559855804, -.0001415629200398, -.0003105292940107, -.0000108835612383, -2.39422323596e-06, -.0000652851465101, 2.50426914561e-07, 3.55077023495e-07, 4.96277522732e-06, 2.30785125937e-09, -6.31556296472e-09, -8.71758522319e-08, .0000600109971892, .0000938551922221, -.000011241681583, -6.01454958020e-06, -6.44630476177e-06, -5.77852853424e-06, 2.21399673974e-07, 1.85255764366e-07, 3.26250776058e-07, -2.66524790731e-09, -1.99676989788e-09, -5.49071408438e-09
.0102762159316327, .0025495979525521, .2655138084348767, -.0017035344820506, .0005139721805043, .0271510997557537, .0000719477711956, -.0000407504471448, -.0019164939691964, -1.01445533998e-06, 7.10119126682e-07, .0000308539011997, -.0002317972117077, -.0002790000448203, -.0678191444014968, .000131424672282, -.0000512755003576, -.0020420926505826, -7.00646211462e-06, 4.05173360148e-06, .0002339121572735, 1.09346664693e-07, -7.11386015773e-08, -4.17312745271e-06, -.0007518678562353, -.000011241681583, .0286070277888157, .000063048230988, 9.67375134022e-07, -.0012926833189439, -1.89100636917e-06, 2.76925372313e-08, .0000185884077153, 2.01197755523e-08, -8.04545392602e-10, 9.01378717951e-10
-.0002024367584763, -.0000695784989254, -.0001775187210719, -.0000241423070297, -.0000138510418548, -.0000645488086337, 8.28139034472e-07, 8.34369214299e-07, 3.32789151520e-06, -6.49272706727e-10, -1.22621425111e-08, -4.38577437951e-08, .0000596392833056, .0000123457231493, -.000044045282075, -2.82240777107e-07, 9.94467055130e-07, 6.73477623792e-06, -9.39000541412e-08, -7.86245718478e-08, -2.55020478697e-07, 1.81022661118e-09, 1.30671596556e-09, 2.99879147259e-09, -.000040532535503, -6.01454958020e-06, .000063048230988, 4.00081715310e-06, 6.24446636261e-07, -1.73953872198e-06, -1.07720125601e-07, -2.06163866525e-08, -7.30271920572e-09, 7.20960361773e-10, 2.13732703510e-10, 5.34890300838e-10
-.0000332774308052, -.0000489027362593, -.0002122029488661, -.0000110983960524, -6.59863954314e-06, -.0000802155822315, 1.53608495282e-07, 4.33184763794e-07, 5.38386648810e-06, 3.80247987065e-09, -6.91754112668e-09, -9.09340002194e-08, 9.17594233957e-06, .0000102168166634, .0000252565281166, 8.09995153181e-07, 4.05745757120e-07, 7.20562693974e-06, -1.08814477651e-08, -4.08314116217e-08, -5.19802332733e-07, -3.50054762614e-10, 7.11600092178e-10, 8.98335704944e-09, -6.28431090891e-06, -6.44630476177e-06, 9.67375134022e-07, 6.24446636261e-07, 4.98789113747e-07, 9.94725669211e-07, -2.00620473052e-08, -1.51199578899e-08, -5.07802423340e-08, 2.00316347313e-10, 1.65199168351e-10, 7.40370895104e-10
-.000431658559553, -.0002486923428046, -.0128728953493575, .0000632791566991, -.0000625500581677, -.0020664308756359, -4.71986416168e-06, 4.46172908772e-06, .0001406680520069, 9.35560829073e-08, -7.45722434073e-08, -2.27155499856e-06, .000024763251641, .000034717756892, .0030757477569865, -5.40783435328e-06, 5.51759444987e-06, .0001611952387226, 4.33811150683e-07, -4.42108837096e-07, -.0000153442297533, -8.37203091769e-09, 7.76697172113e-09, 2.70557414544e-07, .0000224397968118, -5.77852853424e-06, -.0012926833189439, -1.73953872198e-06, 9.94725669211e-07, .0000794381683854, 6.94638734136e-08, -4.05165855026e-08, -1.91421066078e-06, -1.12984330336e-09, 4.83231686708e-10, 1.48742488870e-08
.0000132389259168, 1.27160440622e-06, -.0000137228385827, 2.00306260310e-06, 1.65834515206e-07, 1.15212182615e-06, -1.45023559209e-07, -1.03421375854e-08, -1.22180210492e-08, 2.38018184745e-09, 1.53696774134e-10, -3.81672151956e-10, -2.08928447866e-06, -2.90788298619e-07, 3.23357276410e-06, -1.30974885778e-07, -5.79645256780e-09, -1.36863665757e-07, 1.33338404213e-08, 8.00514067824e-10, -1.02898076883e-09, -2.45385197384e-10, -1.41473771671e-11, 8.28095021635e-11, 8.60857393494e-07, 2.21399673974e-07, -1.89100636917e-06, -1.07720125601e-07, -2.00620473052e-08, 6.94638734136e-08, 3.90423405356e-09, 6.82413114752e-10, -4.51719600790e-10, -4.42130107436e-11, -7.97505837158e-12, -7.76207158652e-12
1.24816270946e-06, 1.94727279512e-06, 9.48631021141e-06, 2.48517010027e-07, 2.39168628747e-07, 2.84790614704e-06, -1.61458593770e-09, -1.72604918122e-08, -1.96603614328e-07, -1.47969489372e-10, 2.89471615636e-10, 3.34811546625e-09, -3.10647046794e-07, -3.46726680333e-07, -1.10907191645e-06, -1.48162825984e-08, -1.61741834566e-08, -2.55950753832e-07, 6.37391111549e-13, 1.60918282051e-09, 1.88021217049e-08, 1.36761515475e-11, -2.86028380655e-11, -3.26036049807e-10, 2.02485309809e-07, 1.85255764366e-07, 2.76925372313e-08, -2.06163866525e-08, -1.51199578899e-08, -4.05165855026e-08, 6.82413114752e-10, 4.90649793969e-10, 2.10700390356e-09, -6.98336483971e-12, -5.74436268603e-12, -3.15647242336e-11
7.48082176994e-06, .00001292918588, .0003156238757702, -1.27867871822e-06, 2.16275608125e-06, .0000638273204531, 1.55513540375e-07, -1.64868754939e-07, -4.53362271279e-06, -3.53147600135e-09, 2.82858010203e-09, 7.59273946903e-08, -1.05807177556e-06, -1.72786247283e-06, -.0000537967871745, 1.33278047207e-07, -1.82832203090e-07, -5.21979057834e-06, -1.42850435438e-08, 1.60582074413e-08, 4.41861815461e-07, 3.07038780136e-10, -2.89003438024e-10, -7.79722751787e-09, 8.46049113893e-08, 3.26250776058e-07, .0000185884077153, -7.30271920572e-09, -5.07802423340e-08, -1.91421066078e-06, -4.51719600790e-10, 2.10700390356e-09, 7.09090107169e-08, 2.03912862546e-11, -2.68890672161e-11, -8.71528497114e-10
-2.21137887065e-07, 2.93253484813e-09, 3.47743774645e-07, -4.00480057113e-08, 3.00745862430e-09, 9.51138324123e-09, 3.23436048768e-09, -1.87831269580e-10, -1.40448003631e-09, -5.88825061076e-11, 2.89489876344e-12, 2.92359077747e-11, 2.23732998567e-08, 1.21502448045e-09, -5.51660764241e-08, 3.63204816020e-09, -3.79990114713e-10, -3.93108297353e-10, -2.88386617838e-10, 2.21249768447e-11, 1.61061236899e-10, 5.15459585621e-12, -3.58080342602e-13, -3.51212266973e-12, -2.20479879627e-09, -2.66524790731e-09, 2.01197755523e-08, 7.20960361773e-10, 2.00316347313e-10, -1.12984330336e-09, -4.42130107436e-11, -6.98336483971e-12, 2.03912862546e-11, 7.58131440678e-13, 9.41044987494e-14, -8.73207545223e-14
-1.93792793322e-08, -2.89183694286e-08, -1.51531198973e-07, -1.46326877328e-09, -2.79341755722e-09, -3.48699950392e-08, -6.09177115275e-12, 2.29758723853e-10, 2.54031747186e-09, 1.57305534559e-12, -4.09061075669e-12, -4.43602297379e-11, 3.63990067039e-09, 4.47185905884e-09, 1.69773342839e-08, 5.35232830185e-11, 1.98316984010e-10, 3.19504370262e-09, 3.53444683958e-12, -2.10818569625e-11, -2.41005353687e-10, -1.81043653820e-13, 3.86089786978e-13, 4.21591257479e-12, -1.99305262966e-09, -1.99676989788e-09, -8.04545392602e-10, 2.13732703510e-10, 1.65199168351e-10, 4.83231686708e-10, -7.97505837158e-12, -5.74436268603e-12, -2.68890672161e-11, 9.41044987494e-14, 7.32973964121e-14, 4.32981111979e-13
-1.47413262554e-08, -2.27503497816e-07, -3.51217148110e-06, 5.86895837875e-09, -2.48307491600e-08, -7.28455813142e-07, -1.88472077909e-09, 2.10606228214e-09, 5.62547393641e-08, 4.80924739703e-11, -3.76813788426e-11, -9.95456284696e-10, 1.24785067818e-08, 2.87986429741e-08, 2.78142033769e-07, -8.23531189584e-10, 2.05235741832e-09, 6.34342755576e-08, 1.76984373019e-10, -2.01056619944e-10, -4.99108877884e-09, -4.35754190175e-12, 3.71454641803e-12, 8.92802677647e-11, -8.05825306976e-09, -5.49071408438e-09, 9.01378717951e-10, 5.34890300838e-10, 7.40370895104e-10, 1.48742488870e-08, -7.76207158652e-12, -3.15647242336e-11, -8.71528497114e-10, -8.73207545223e-14, 4.32981111979e-13, 1.37893424983e-11
residvcv
511312.6528113437
