---
oneline: Mortality global age‑combined spec2 MERRA2 results
version: MORTALITY-AGE-COMBINED-SPEC2-MERRA2
dependencies: agespec_interaction_response_MERRA2.ster
description: 4th-order polynomial OLS, population‑weighted; ADM2 & ADM0×Year FE
csvv-version: aliabonanno-2025-07-23
variables:
  tavg_poly_1: T1_sum [C]
  tavg_poly_2: T2_sum [C^2]
  tavg_poly_3: T3_sum [C^3]
  tavg_poly_4: T4_sum [C^4]
  lr_tavg: yearly avg tas [C]
  deathrate_w99: death rate winsorized at 99th percentile
  loggdppc_adm0_avg: log GDP per capita
...
observations
 406592
prednames
tavg_poly_1, tavg_poly_2, tavg_poly_3, tavg_poly_4
covarnames
1, lr_tavg, loggdppc_adm0_avg
gamma
-.29968144786011, -.1067850488128504, -.3334209407972304, -.0438599397755368, .0093769562484769, .0573363645323355, .0038426661763283, -.0001000327201265, -.0050718490294215, -.0000654068449712, 1.12340785232e-06, .0001435689679764
.0466822536160549, .0110224852367919, .0233627574812623, .0029010152772436, -.0011063496338541, -.0099364982088423, -.0004560666990066, 2.23704017318e-06, .0003822257358814, 9.66901306004e-06, 3.98287456633e-07, -3.76421147003e-06
-.0041160620602885, .0015140418169476, .0300621173827185, .0005342901821714, -.0000614055872691, .000259386934637, .0000120293086976, 3.67820992846e-06, -.000015580976688, -8.25859447904e-07, -1.53774161694e-07, -1.71657421778e-06
gammavcv
.2680330911897603, .0224132363702278, .2509936952989092, .0020079612531745, -.0005714147816383, -.0079136849830632, -.0012789830421035, -.0001277175840599, -.001510724694093, .0000300132361086, 3.36174680786e-06, .0000399877252789, -.0266639298869996, -.0024347877525843, -.0248095220435767, -.0001660661497991, .0000754640778008, .0011513126058901, .0001269671515802, .0000134012467786, .0001562323722478, -3.00973551103e-06, -3.76160198062e-07, -4.63598300878e-06, -.0006194772151482, 4.55088840900e-07, -.0021838345641551, -3.48051279950e-06, 5.93922778907e-06, .0000259479174345, 3.59535124733e-06, -2.16174140343e-07, 3.49456016513e-06, -8.67266326291e-08, 5.70177062060e-09, -3.02604136930e-09
.0224132363702278, .0198864624367598, .1405388182285251, -.0014552417120699, -.0000691418540402, -.003842171588368, -.0001279050143617, -.0000686701166956, -.0003338178290619, 4.18044340261e-06, 1.68031357330e-06, 9.89503820240e-06, -.0021712725587979, -.0018557147494238, -.013048830639333, .0001375791206734, 4.70710717963e-06, .0004089332211848, .0000120070561919, 6.44171591659e-06, .0000328123991621, -3.97782797111e-07, -1.57717392135e-07, -1.04855292886e-06, .0000303089904096, -.0000814831780716, -.0010702645503824, 7.92372135255e-06, 3.97342944796e-06, .0000613562508683, 3.20285420187e-07, 1.92056579154e-07, -5.62011418303e-07, -1.47497696667e-08, -6.87966111442e-09, 6.99074699570e-10
.2509936952989092, .1405388182285251, 2.934390797708337, -.0104771120524843, -.0028502781680843, -.035725256335674, -.000924597066889, -.0004186911260736, -.0091615437067851, .0000300586589638, .0000121093164752, .0002539175375164, -.0233364127733765, -.0129288423988829, -.2795581889661352, .0009510569221438, .0002562033564875, .0031685865643539, .0000844134589936, .0000392247342696, .0008838850003586, -2.83895687348e-06, -1.14374244340e-06, -.0000245467013901, -.00268265905479, -.0011968593479355, -.016321028642311, .0000674694021113, .0000722244397598, .0013042126685827, .00001010936243, 3.82733157050e-07, -.00001035025625, -2.72142446713e-07, -4.43684854335e-08, -4.30118004981e-07
.0020079612531745, -.0014552417120699, -.0104771120524843, .001520068675097, .0001275214848061, .0003234167516142, -.0000313803869742, 2.50987136725e-06, .0000144650177643, -2.60913751874e-07, -1.43537354282e-07, -4.29328642854e-07, -.0002860814390701, .0001297979413345, .0010426222979328, -.0001354303739627, -9.66177360227e-06, -.000031385136234, 3.67607286509e-06, -1.34797015419e-07, -1.42689666186e-06, -5.99499851436e-10, 9.68983167139e-09, 5.48870549877e-08, .0000541651207992, .0000113073987754, .0000821822012174, -.0000163676918298, -3.12601050594e-06, -.0000164687226552, 3.14149643728e-07, 6.21723698586e-08, 6.39530312560e-07, 3.66586282445e-09, 3.90982763359e-10, -1.07578982117e-08
-.0005714147816383, -.0000691418540402, -.0028502781680843, .0001275214848061, .000075756171459, .0009510070415767, 2.43254279216e-06, -2.29151424764e-06, -.0000191368719437, -1.46946945328e-07, 1.21827243793e-08, -1.03969696168e-07, .0000650691882663, 3.89966686897e-06, .0002751436468052, -.0000113316621409, -7.00678253672e-06, -.0000893251230135, -2.56391905704e-07, 2.30390939178e-07, 1.84322331882e-06, 1.41411227739e-08, -1.34746262378e-09, 1.25897529605e-08, 7.06162225938e-06, 5.60889591630e-06, .0000484302812105, -2.01366364256e-06, -1.31140601950e-06, -.0000163389577316, 5.17790535461e-08, 5.04249766429e-08, 6.80742666368e-07, -8.29224328275e-11, -5.95418414280e-10, -8.65728560686e-09
-.0079136849830632, -.003842171588368, -.035725256335674, .0003234167516142, .0009510070415767, .0214271274771302, .0000844426719121, -.000019416816345, -.0005153908467507, -2.32918543113e-06, -6.00627175543e-08, -4.60889038804e-07, .0009934762839892, .0003281735492087, .0029596260615037, -.0000429615622963, -.0000911325709968, -.0019970654410039, -9.22488450509e-06, 1.93885386255e-06, .0000521723010431, 2.67658966378e-07, 8.66988387662e-09, 3.77199977972e-09, -.0000697695359006, .000075412783685, .0010446173417835, -4.95421390716e-06, -.0000168430518277, -.0003630401583058, 4.04441562003e-07, 6.72630611532e-07, .000014654701852, -9.46338414909e-09, -8.82772925902e-09, -1.71075949490e-07
-.0012789830421035, -.0001279050143617, -.000924597066889, -.0000313803869742, 2.43254279216e-06, .0000844426719121, 8.24597065520e-06, 8.61850412504e-07, 7.23281763761e-06, -1.86836194607e-07, -2.24130422237e-08, -2.29184387804e-07, .0001298405040529, .0000137554267628, .000093845461291, 2.48248667592e-06, -4.09501061813e-07, -.0000107606846618, -8.32676861232e-07, -9.03711656594e-08, -7.72910254847e-07, 1.94098945436e-08, 2.52659773205e-09, 2.70969252831e-08, -1.08720761445e-07, -2.80631818556e-07, 8.56495053474e-06, 5.30489082814e-07, 3.96658455673e-08, 1.14054256221e-07, -3.29711077736e-08, -1.44607304695e-09, -2.00121573088e-08, 5.09553864317e-10, -6.90380315107e-12, -5.47587314442e-11
-.0001277175840599, -.0000686701166956, -.0004186911260736, 2.50987136725e-06, -2.29151424764e-06, -.000019416816345, 8.61850412504e-07, 4.28120844948e-07, 3.34626189010e-06, -2.36812167143e-08, -9.31301915436e-09, -7.33922726570e-08, .0000119363110466, 6.79811751840e-06, .000042773877082, -3.24443070149e-07, 2.04837872505e-07, 1.38590680834e-06, -8.19398941242e-08, -4.16468654143e-08, -3.36583017103e-07, 2.32927362278e-09, 9.18806627430e-10, 7.89297689743e-09, -2.21727713465e-07, -9.99873835351e-08, -4.28315136398e-07, 8.07002989406e-08, 4.18999627168e-08, 5.41145807780e-07, -6.36288519849e-09, -2.80721642449e-09, -2.78342151296e-08, 1.21012656097e-10, 4.96487020519e-11, 3.47802753698e-10
-.001510724694093, -.0003338178290619, -.0091615437067851, .0000144650177643, -.0000191368719437, -.0005153908467507, 7.23281763761e-06, 3.34626189010e-06, .0000756369704492, -1.92883600030e-07, -7.63146185767e-08, -1.68799783337e-06, .0001428237820244, .0000371040772238, .0009815543052198, -2.01544287570e-06, 1.63485348568e-06, .0000447516334607, -6.89176553550e-07, -3.36983635610e-07, -7.61385581988e-06, 1.91230131009e-08, 7.82878901339e-09, 1.73752729162e-07, .0000102584613854, -1.70811885596e-06, -.0000357448229562, 8.07214979037e-07, 4.49516426470e-07, .0000104335959019, -9.08871073412e-08, -2.42249880440e-08, -5.34819989759e-07, 1.73578888881e-09, 3.87708613582e-10, 8.17494551341e-09
.0000300132361086, 4.18044340261e-06, .0000300586589638, -2.60913751874e-07, -1.46946945328e-07, -2.32918543113e-06, -1.86836194607e-07, -2.36812167143e-08, -1.92883600030e-07, 4.94212503360e-09, 6.72030807843e-10, 6.10195013334e-09, -2.98947034460e-06, -4.30215565065e-07, -3.01914889458e-06, 3.09549951358e-08, 1.68231125028e-08, 2.91473806946e-07, 1.85077161608e-08, 2.39100490154e-09, 2.05141207928e-08, -4.92994658496e-10, -7.10347215021e-11, -7.22411642047e-10, -3.34830251995e-08, -7.97859021544e-10, -2.79340199215e-07, -2.61162345448e-09, 9.06239116845e-10, 6.50524887749e-09, 6.50564987979e-10, 7.19539129212e-12, 1.63799602331e-10, -1.63164891376e-11, -3.40306763178e-13, 7.04457001726e-12
3.36174680786e-06, 1.68031357330e-06, .0000121093164752, -1.43537354282e-07, 1.21827243793e-08, -6.00627175543e-08, -2.24130422237e-08, -9.31301915436e-09, -7.63146185767e-08, 6.72030807843e-10, 2.27447526336e-10, 2.02475940128e-09, -3.18171256609e-07, -1.65313152107e-07, -1.23773641738e-06, 1.53547552923e-08, -9.35103570138e-10, 1.66848276298e-08, 2.13861025048e-09, 9.02279815187e-10, 7.71932774639e-09, -6.57327726872e-11, -2.23549961576e-11, -2.17185385956e-10, 3.76143723768e-10, -1.98696160647e-10, -6.64375013355e-09, -9.57368260989e-10, -3.28895469149e-10, -4.71304196472e-09, 1.38537055226e-10, 4.21672166711e-11, 3.21450197174e-10, -3.17551427460e-12, -9.19023236384e-13, -4.11237421214e-12
.0000399877252789, 9.89503820240e-06, .0002539175375164, -4.29328642854e-07, -1.03969696168e-07, -4.60889038804e-07, -2.29184387804e-07, -7.33922726570e-08, -1.68799783337e-06, 6.10195013334e-09, 2.02475940128e-09, 4.65773055129e-08, -3.91874488207e-06, -1.06611980800e-06, -.0000269728052456, 7.02478146021e-08, 1.60064389322e-08, 1.33366528557e-07, 2.26689714632e-08, 7.44282788574e-09, 1.69952220936e-07, -6.36469618586e-10, -2.10789341374e-10, -4.75868979293e-09, -2.03945883638e-07, 9.95800869433e-09, 5.15790258267e-07, -2.34275139681e-08, -2.18290706463e-09, -5.52167140499e-08, 2.22190203880e-09, 2.19723797645e-10, 5.00003035362e-09, -3.80712594972e-11, -4.34271346046e-12, -1.12980904510e-10
-.0266639298869996, -.0021712725587979, -.0233364127733765, -.0002860814390701, .0000650691882663, .0009934762839892, .0001298405040529, .0000119363110466, .0001428237820244, -2.98947034460e-06, -3.18171256609e-07, -3.91874488207e-06, .0027006855335345, .0002380391873729, .0023417459152899, .0000238836674136, -8.56875019327e-06, -.0001377862026068, -.000013052127053, -1.27885461859e-06, -.0000150844026326, 3.04664026689e-07, 3.65708744797e-08, 4.65665158703e-07, .0000383407679436, 3.16310208705e-07, .0002109412348317, 1.08176181756e-06, -7.11897145600e-07, -1.64759525676e-06, -2.93840592460e-07, 3.78454951153e-08, -3.03875261375e-07, 6.54166652089e-09, -9.65128974480e-10, -1.99658064307e-09
-.0024347877525843, -.0018557147494238, -.0129288423988829, .0001297979413345, 3.89966686897e-06, .0003281735492087, .0000137554267628, 6.79811751840e-06, .0000371040772238, -4.30215565065e-07, -1.65313152107e-07, -1.06611980800e-06, .0002380391873729, .0001761521384712, .00123175295328, -.0000125642140814, -2.59269123487e-07, -.0000364754120666, -1.30611352337e-06, -6.46029014675e-07, -3.72064323964e-06, 4.15103022362e-08, 1.57717793098e-08, 1.14917868715e-07, -3.53303469487e-06, 5.76998367755e-06, .0000803878452113, -6.12713453824e-07, -3.08009865287e-07, -4.53384147794e-06, -3.33981601744e-08, -1.66995311888e-08, 3.69869496709e-08, 1.36537475138e-09, 5.83004940678e-10, -3.43576970461e-10
-.0248095220435767, -.013048830639333, -.2795581889661352, .0010426222979328, .0002751436468052, .0029596260615037, .000093845461291, .000042773877082, .0009815543052198, -3.01914889458e-06, -1.23773641738e-06, -.0000269728052456, .0023417459152899, .00123175295328, .0274540299488484, -.00009874849785, -.0000250744457776, -.0002592384500869, -8.72817297716e-06, -4.09345538477e-06, -.0000963091068222, 2.93320097492e-07, 1.19488287379e-07, 2.64887594012e-06, .0002468843710498, .0000963359772064, .0010296470012678, -3.81305313822e-06, -6.81832514642e-06, -.0001155178098989, -1.05943144596e-06, -1.18216215723e-09, 1.45940847536e-06, 2.61087226867e-08, 3.36587689096e-09, 2.89469429784e-08
-.0001660661497991, .0001375791206734, .0009510569221438, -.0001354303739627, -.0000113316621409, -.0000429615622963, 2.48248667592e-06, -3.24443070149e-07, -2.01544287570e-06, 3.09549951358e-08, 1.53547552923e-08, 7.02478146021e-08, .0000238836674136, -.0000125642140814, -.00009874849785, .0000123305671765, 8.86284166803e-07, 4.43458722637e-06, -2.91284288522e-07, 2.28769684583e-08, 2.13593325347e-07, -1.08689381660e-09, -1.16965837652e-09, -8.64695886110e-09, -3.77720303673e-06, -8.01453796986e-07, -5.40277671693e-06, 1.27237661695e-06, 2.60155838645e-07, 1.44556492634e-06, -2.38373103363e-08, -5.21606707354e-09, -6.16473841241e-08, -2.99508685047e-10, -3.00902318127e-11, 1.08625783018e-09
.0000754640778008, 4.70710717963e-06, .0002562033564875, -9.66177360227e-06, -7.00678253672e-06, -.0000911325709968, -4.09501061813e-07, 2.04837872505e-07, 1.63485348568e-06, 1.68231125028e-08, -9.35103570138e-10, 1.60064389322e-08, -8.56875019327e-06, -2.59269123487e-07, -.0000250744457776, 8.86284166803e-07, 6.60611728484e-07, 8.66608607883e-06, 4.38064879759e-08, -2.01179989188e-08, -1.53774854085e-07, -1.71180628438e-09, 8.33465591692e-11, -1.94909031685e-09, -5.29165499339e-07, -4.88605672483e-07, -4.42705848670e-06, 1.43629830279e-07, 1.14083738624e-07, 1.46928604934e-06, -3.60511931900e-09, -4.57667265093e-09, -6.17644512677e-08, 6.48773892042e-12, 5.81839686285e-11, 7.98253764465e-10
.0011513126058901, .0004089332211848, .0031685865643539, -.000031385136234, -.0000893251230135, -.0019970654410039, -.0000107606846618, 1.38590680834e-06, .0000447516334607, 2.91473806946e-07, 1.66848276298e-08, 1.33366528557e-07, -.0001377862026068, -.0000364754120666, -.0002592384500869, 4.43458722637e-06, 8.66608607883e-06, .0001896310879437, 1.16159520216e-06, -1.34901088381e-07, -4.44609262793e-06, -3.28908690414e-08, -2.08875025851e-09, -1.48275063208e-08, 8.48666305795e-06, -6.50448232729e-06, -.0001037423452557, 3.83740550017e-07, 1.51816338767e-06, .0000314532836455, -3.83124841961e-08, -6.19640506869e-08, -1.27829037273e-06, 9.25237602794e-10, 8.39761757649e-10, 1.56329788766e-08
.0001269671515802, .0000120070561919, .0000844134589936, 3.67607286509e-06, -2.56391905704e-07, -9.22488450509e-06, -8.32676861232e-07, -8.19398941242e-08, -6.89176553550e-07, 1.85077161608e-08, 2.13861025048e-09, 2.26689714632e-08, -.000013052127053, -1.30611352337e-06, -8.72817297716e-06, -2.91284288522e-07, 4.38064879759e-08, 1.16159520216e-06, 8.48266115003e-08, 8.72615434720e-09, 7.50550112948e-08, -1.95109915769e-09, -2.46462606859e-10, -2.71862660110e-09, 9.29869933823e-08, 2.84114075721e-08, -8.35819822521e-07, -6.08310066480e-08, -4.26343707553e-09, -1.37601855225e-08, 3.19008426141e-09, 1.00138526094e-10, 1.71907740435e-09, -4.25241720558e-11, 2.25211748226e-12, 1.47042183126e-11
.0000134012467786, 6.44171591659e-06, .0000392247342696, -1.34797015419e-07, 2.30390939178e-07, 1.93885386255e-06, -9.03711656594e-08, -4.16468654143e-08, -3.36983635610e-07, 2.39100490154e-09, 9.02279815187e-10, 7.44282788574e-09, -1.27885461859e-06, -6.46029014675e-07, -4.09345538477e-06, 2.28769684583e-08, -2.01179989188e-08, -1.34901088381e-07, 8.72615434720e-09, 4.08886027021e-09, 3.42008857970e-08, -2.39596031363e-10, -9.03141289783e-11, -8.08766210541e-10, 2.81167825993e-08, 1.38608296353e-08, 8.35917441700e-08, -9.57056633418e-09, -4.45057913459e-09, -5.75635961130e-08, 6.47050603453e-10, 2.69399603446e-10, 2.79326936349e-09, -1.12629319699e-11, -4.49561898471e-12, -3.32653796711e-11
.0001562323722478, .0000328123991621, .0008838850003586, -1.42689666186e-06, 1.84322331882e-06, .0000521723010431, -7.72910254847e-07, -3.36583017103e-07, -7.61385581988e-06, 2.05141207928e-08, 7.71932774639e-09, 1.69952220936e-07, -.0000150844026326, -3.72064323964e-06, -.0000963091068222, 2.13593325347e-07, -1.53774854085e-07, -4.44609262793e-06, 7.50550112948e-08, 3.42008857970e-08, 7.72825740287e-07, -2.07587838580e-09, -8.01435040599e-10, -1.77256243607e-08, -8.95237720186e-07, 2.00851796932e-07, 4.18048890612e-06, -8.69981331749e-08, -4.53454454306e-08, -1.12224843906e-06, 8.83313627299e-09, 2.28317314782e-09, 5.40715669170e-08, -1.62577459933e-10, -3.47905267226e-11, -7.78661636465e-10
-3.00973551103e-06, -3.97782797111e-07, -2.83895687348e-06, -5.99499851436e-10, 1.41411227739e-08, 2.67658966378e-07, 1.94098945436e-08, 2.32927362278e-09, 1.91230131009e-08, -4.92994658496e-10, -6.57327726872e-11, -6.36469618586e-10, 3.04664026689e-07, 4.15103022362e-08, 2.93320097492e-07, -1.08689381660e-09, -1.71180628438e-09, -3.28908690414e-08, -1.95109915769e-09, -2.39596031363e-10, -2.07587838580e-09, 5.04822836596e-11, 7.14138794188e-12, 7.60592534561e-11, 7.63595063943e-11, -1.56006496404e-10, 2.51134347282e-08, 7.53828797177e-10, -5.22431672970e-11, -6.60195764851e-10, -6.87329788368e-11, -1.32431316508e-14, -9.94612314390e-13, 1.35202658074e-12, -1.78928132705e-14, -1.07059546776e-12
-3.76160198062e-07, -1.57717392135e-07, -1.14374244340e-06, 9.68983167139e-09, -1.34746262378e-09, 8.66988387662e-09, 2.52659773205e-09, 9.18806627430e-10, 7.82878901339e-09, -7.10347215021e-11, -2.23549961576e-11, -2.10789341374e-10, 3.65708744797e-08, 1.57717793098e-08, 1.19488287379e-07, -1.16965837652e-09, 8.33465591692e-11, -2.08875025851e-09, -2.46462606859e-10, -9.03141289783e-11, -8.01435040599e-10, 7.14138794188e-12, 2.24919404324e-12, 2.29158014967e-11, -3.05203008080e-10, -1.02542685804e-10, -3.75277020493e-10, 1.68869339113e-10, 4.51847964443e-11, 5.67079545956e-10, -1.51128683794e-11, -4.04545513747e-12, -3.26966640282e-11, 2.95608756674e-13, 7.80596291055e-14, 3.64841892016e-13
-4.63598300878e-06, -1.04855292886e-06, -.0000245467013901, 5.48870549877e-08, 1.25897529605e-08, 3.77199977972e-09, 2.70969252831e-08, 7.89297689743e-09, 1.73752729162e-07, -7.22411642047e-10, -2.17185385956e-10, -4.75868979293e-09, 4.65665158703e-07, 1.14917868715e-07, 2.64887594012e-06, -8.64695886110e-09, -1.94909031685e-09, -1.48275063208e-08, -2.71862660110e-09, -8.08766210541e-10, -1.77256243607e-08, 7.60592534561e-11, 2.29158014967e-11, 4.97636306274e-10, 1.57983410489e-08, -2.13685359884e-09, -6.10348100225e-08, 2.32617279653e-09, 2.35642526356e-10, 9.56775491699e-09, -2.09230971944e-10, -1.86463551445e-11, -5.94104729116e-10, 3.49629510382e-12, 3.24534073580e-13, 1.04038187479e-11
-.0006194772151482, .0000303089904096, -.00268265905479, .0000541651207992, 7.06162225938e-06, -.0000697695359006, -1.08720761445e-07, -2.21727713465e-07, .0000102584613854, -3.34830251995e-08, 3.76143723768e-10, -2.03945883638e-07, .0000383407679436, -3.53303469487e-06, .0002468843710498, -3.77720303673e-06, -5.29165499339e-07, 8.48666305795e-06, 9.29869933823e-08, 2.81167825993e-08, -8.95237720186e-07, 7.63595063943e-11, -3.05203008080e-10, 1.57983410489e-08, .0000283862994189, 2.38570056020e-06, .0000232982368107, -1.52407973082e-06, -1.72439545190e-07, -2.04064800416e-06, -2.41666120916e-08, -2.59655434314e-10, 6.63320122071e-09, 1.45442211929e-09, 1.00940877367e-10, 1.09486602752e-09
4.55088840900e-07, -.0000814831780716, -.0011968593479355, .0000113073987754, 5.60889591630e-06, .000075412783685, -2.80631818556e-07, -9.99873835351e-08, -1.70811885596e-06, -7.97859021544e-10, -1.98696160647e-10, 9.95800869433e-09, 3.16310208705e-07, 5.76998367755e-06, .0000963359772064, -8.01453796986e-07, -4.88605672483e-07, -6.50448232729e-06, 2.84114075721e-08, 1.38608296353e-08, 2.00851796932e-07, -1.56006496404e-10, -1.02542685804e-10, -2.13685359884e-09, 2.38570056020e-06, 2.11843064010e-06, .0000214227624001, -2.81294994071e-07, -1.35435499907e-07, -1.97141701895e-06, 4.08660811936e-09, 1.54288965511e-09, 4.82902547746e-08, 6.31701290253e-11, 2.22587245946e-11, -2.64615521815e-10
-.0021838345641551, -.0010702645503824, -.016321028642311, .0000821822012174, .0000484302812105, .0010446173417835, 8.56495053474e-06, -4.28315136398e-07, -.0000357448229562, -2.79340199215e-07, -6.64375013355e-09, 5.15790258267e-07, .0002109412348317, .0000803878452113, .0010296470012678, -5.40277671693e-06, -4.42705848670e-06, -.0001037423452557, -8.35819822521e-07, 8.35917441700e-08, 4.18048890612e-06, 2.51134347282e-08, -3.75277020493e-10, -6.10348100225e-08, .0000232982368107, .0000214227624001, .0005288124264767, -3.97763927280e-06, -1.20868187670e-06, -.0000225755723073, 1.04726748580e-07, 1.19946128387e-08, 1.60112473532e-07, -1.27396430261e-10, 1.90123282095e-10, 2.82900547288e-09
-3.48051279950e-06, 7.92372135255e-06, .0000674694021113, -.0000163676918298, -2.01366364256e-06, -4.95421390716e-06, 5.30489082814e-07, 8.07002989406e-08, 8.07214979037e-07, -2.61162345448e-09, -9.57368260989e-10, -2.34275139681e-08, 1.08176181756e-06, -6.12713453824e-07, -3.81305313822e-06, 1.27237661695e-06, 1.43629830279e-07, 3.83740550017e-07, -6.08310066480e-08, -9.57056633418e-09, -8.69981331749e-08, 7.53828797177e-10, 1.68869339113e-10, 2.32617279653e-09, -1.52407973082e-06, -2.81294994071e-07, -3.97763927280e-06, 3.97320133680e-07, 7.00240721900e-08, 4.08864276830e-07, -1.12229136120e-08, -2.13356185352e-09, -1.22578499343e-08, 2.38451829564e-11, 1.27548554447e-11, 1.81059667547e-10
5.93922778907e-06, 3.97342944796e-06, .0000722244397598, -3.12601050594e-06, -1.31140601950e-06, -.0000168430518277, 3.96658455673e-08, 4.18999627168e-08, 4.49516426470e-07, 9.06239116845e-10, -3.28895469149e-10, -2.18290706463e-09, -7.11897145600e-07, -3.08009865287e-07, -6.81832514642e-06, 2.60155838645e-07, 1.14083738624e-07, 1.51816338767e-06, -4.26343707553e-09, -4.45057913459e-09, -4.53454454306e-08, -5.22431672970e-11, 4.51847964443e-11, 2.35642526356e-10, -1.72439545190e-07, -1.35435499907e-07, -1.20868187670e-06, 7.00240721900e-08, 3.20416793862e-08, 3.89717029698e-07, -2.30646583862e-09, -1.16935990664e-09, -1.58844882604e-08, 1.67380082509e-11, 1.25130890855e-11, 2.00889153980e-10
.0000259479174345, .0000613562508683, .0013042126685827, -.0000164687226552, -.0000163389577316, -.0003630401583058, 1.14054256221e-07, 5.41145807780e-07, .0000104335959019, 6.50524887749e-09, -4.71304196472e-09, -5.52167140499e-08, -1.64759525676e-06, -4.53384147794e-06, -.0001155178098989, 1.44556492634e-06, 1.46928604934e-06, .0000314532836455, -1.37601855225e-08, -5.75635961130e-08, -1.12224843906e-06, -6.60195764851e-10, 5.67079545956e-10, 9.56775491699e-09, -2.04064800416e-06, -1.97141701895e-06, -.0000225755723073, 4.08864276830e-07, 3.89717029698e-07, 9.10298878992e-06, -1.13716953786e-08, -1.39385852294e-08, -3.61101195308e-07, 1.05238846235e-10, 1.56386853551e-10, 3.94558336495e-09
3.59535124733e-06, 3.20285420187e-07, .00001010936243, 3.14149643728e-07, 5.17790535461e-08, 4.04441562003e-07, -3.29711077736e-08, -6.36288519849e-09, -9.08871073412e-08, 6.50564987979e-10, 1.38537055226e-10, 2.22190203880e-09, -2.93840592460e-07, -3.33981601744e-08, -1.05943144596e-06, -2.38373103363e-08, -3.60511931900e-09, -3.83124841961e-08, 3.19008426141e-09, 6.47050603453e-10, 8.83313627299e-09, -6.87329788368e-11, -1.51128683794e-11, -2.09230971944e-10, -2.41666120916e-08, 4.08660811936e-09, 1.04726748580e-07, -1.12229136120e-08, -2.30646583862e-09, -1.13716953786e-08, 6.45616244386e-10, 1.08423632849e-10, 5.87075519127e-10, -9.18643795037e-12, -1.42892677790e-12, -1.24140081443e-11
-2.16174140343e-07, 1.92056579154e-07, 3.82733157050e-07, 6.21723698586e-08, 5.04249766429e-08, 6.72630611532e-07, -1.44607304695e-09, -2.80721642449e-09, -2.42249880440e-08, 7.19539129212e-12, 4.21672166711e-11, 2.19723797645e-10, 3.78454951153e-08, -1.66995311888e-08, -1.18216215723e-09, -5.21606707354e-09, -4.57667265093e-09, -6.19640506869e-08, 1.00138526094e-10, 2.69399603446e-10, 2.28317314782e-09, -1.32431316508e-14, -4.04545513747e-12, -1.86463551445e-11, -2.59655434314e-10, 1.54288965511e-09, 1.19946128387e-08, -2.13356185352e-09, -1.16935990664e-09, -1.39385852294e-08, 1.08423632849e-10, 5.87877274810e-11, 6.79835763525e-10, -1.58543777999e-12, -8.68996861047e-13, -9.82453192765e-12
3.49456016513e-06, -5.62011418303e-07, -.00001035025625, 6.39530312560e-07, 6.80742666368e-07, .000014654701852, -2.00121573088e-08, -2.78342151296e-08, -5.34819989759e-07, 1.63799602331e-10, 3.21450197174e-10, 5.00003035362e-09, -3.03875261375e-07, 3.69869496709e-08, 1.45940847536e-06, -6.16473841241e-08, -6.17644512677e-08, -1.27829037273e-06, 1.71907740435e-09, 2.79326936349e-09, 5.40715669170e-08, -9.94612314390e-13, -3.26966640282e-11, -5.94104729116e-10, 6.63320122071e-09, 4.82902547746e-08, 1.60112473532e-07, -1.22578499343e-08, -1.58844882604e-08, -3.61101195308e-07, 5.87075519127e-10, 6.79835763525e-10, 1.67504676857e-08, -1.05963298243e-11, -9.05030950301e-12, -2.14980901532e-10
-8.67266326291e-08, -1.47497696667e-08, -2.72142446713e-07, 3.66586282445e-09, -8.29224328275e-11, -9.46338414909e-09, 5.09553864317e-10, 1.21012656097e-10, 1.73578888881e-09, -1.63164891376e-11, -3.17551427460e-12, -3.80712594972e-11, 6.54166652089e-09, 1.36537475138e-09, 2.61087226867e-08, -2.99508685047e-10, 6.48773892042e-12, 9.25237602794e-10, -4.25241720558e-11, -1.12629319699e-11, -1.62577459933e-10, 1.35202658074e-12, 2.95608756674e-13, 3.49629510382e-12, 1.45442211929e-09, 6.31701290253e-11, -1.27396430261e-10, 2.38451829564e-11, 1.67380082509e-11, 1.05238846235e-10, -9.18643795037e-12, -1.58543777999e-12, -1.05963298243e-11, 2.32266374960e-13, 3.25457467723e-14, 2.40556132258e-13
5.70177062060e-09, -6.87966111442e-09, -4.43684854335e-08, 3.90982763359e-10, -5.95418414280e-10, -8.82772925902e-09, -6.90380315107e-12, 4.96487020519e-11, 3.87708613582e-10, -3.40306763178e-13, -9.19023236384e-13, -4.34271346046e-12, -9.65128974480e-10, 5.83004940678e-10, 3.36587689096e-09, -3.00902318127e-11, 5.81839686285e-11, 8.39761757649e-10, 2.25211748226e-12, -4.49561898471e-12, -3.47905267226e-11, -1.78928132705e-14, 7.80596291055e-14, 3.24534073580e-13, 1.00940877367e-10, 2.22587245946e-11, 1.90123282095e-10, 1.27548554447e-11, 1.25130890855e-11, 1.56386853551e-10, -1.42892677790e-12, -8.68996861047e-13, -9.05030950301e-12, 3.25457467723e-14, 1.59228070915e-14, 1.46447180451e-13
-3.02604136930e-09, 6.99074699570e-10, -4.30118004981e-07, -1.07578982117e-08, -8.65728560686e-09, -1.71075949490e-07, -5.47587314442e-11, 3.47802753698e-10, 8.17494551341e-09, 7.04457001726e-12, -4.11237421214e-12, -1.12980904510e-10, -1.99658064307e-09, -3.43576970461e-10, 2.89469429784e-08, 1.08625783018e-09, 7.98253764465e-10, 1.56329788766e-08, 1.47042183126e-11, -3.32653796711e-11, -7.78661636465e-10, -1.07059546776e-12, 3.64841892016e-13, 1.04038187479e-11, 1.09486602752e-09, -2.64615521815e-10, 2.82900547288e-09, 1.81059667547e-10, 2.00889153980e-10, 3.94558336495e-09, -1.24140081443e-11, -9.82453192765e-12, -2.14980901532e-10, 2.40556132258e-13, 1.46447180451e-13, 3.33629751218e-12
residvcv
479785.7191195241
