---
oneline: Age-specific interacted (Spec 2) response – JRA_3Q
version: MORTALITY-AGE-SPEC-INTERACTED-JRA_3Q
dependencies: agespec_interaction_response_JRA_3Q.ster
description: 4th-order poly OLS; age×ADM2 & age×Country×Year FE; temp×income & temp×LR-temp interactions
csvv-version: aliabonanno- 4 Oct 2025
variables:
  tavg_poly_1: T1_sum [C]
  tavg_poly_2: T2_sum [C^2]
  tavg_poly_3: T3_sum [C^3]
  tavg_poly_4: T4_sum [C^4]
  lr_tavg: long-run mean annual temperature [C]
  deathrate_w99: mortality rate winsorized at 99th percentile
  loggdppc_adm1_avg: log GDP per capita
...
observations
 547609
prednames
tavg_poly_1, tavg_poly_2, tavg_poly_3, tavg_poly_4
covarnames
1, lr_tavg, loggdppc_adm1_avg
gamma
-1.078573634832028, .0156104696193228, .1091822488815098
-.1182025423525864, .001008506489734, .0094635731271319
.0037566458043609, -.0000116389262258, -.0004121838342195
5.39405381461e-06, -8.42205311756e-07, 2.75357473828e-06
-.1398300999514049, .0050852095298624, .0112939168760947
-.003172847932878, -.0001039847005869, .00028112390687
-.0005164366794193, -9.21521916537e-07, .0000525460321895
.0000213466551184, -4.66898952890e-08, -1.91684448618e-06
1.457050982931164, .02931112525903, -.16636460901253
.0617325587305536, .0019544619374813, -.0087026628096094
-.0107226221197863, -.000156933726351, .0010870038322505
.0002927798237938, 1.34849852199e-06, -.0000248883049011
gammavcv
.5384995486272383, -.0045665256370214, -.0507885201041035, .0130558141599786, -.0000701171917399, -.0011250097553308, -.0026803137878831, .0000159343724996, .0002555430402292, .0000549993789422, -2.93849481838e-07, -5.38551067578e-06, .0358252174149824, -.0006175052500486, -.0033043189867084, -.0001727064895961, -3.38294145151e-06, .0000448594252456, -.0002483169750172, 2.14815602830e-06, .0000237189529529, 6.00845077950e-06, -4.11191566203e-08, -6.05910111014e-07, .2816966593167533, -.0045044712490891, -.0248283993431241, -.0047768059062558, -9.99841036451e-08, .0006688277513229, -.0024225358690879, .0000235171563808, .000226059926833, .0000658050598142, -5.14362012021e-07, -6.49571373229e-06
-.0045665256370214, .0001454196408042, .0003348228562891, .0000106188692365, -2.03323472378e-06, 9.02137540961e-07, .0000153511234172, -2.73785103384e-07, -1.20074910277e-06, -3.53137726174e-07, 6.70450541753e-09, 2.70520909007e-08, -.0003494648509796, .0000235348693473, .0000195318560111, -3.97156342320e-06, -2.56883611040e-07, 7.68379916289e-07, 1.14442019920e-06, -5.02704558518e-08, -6.59306661492e-08, -2.02124506432e-08, 1.14971172855e-09, 8.76602502869e-10, -.002101585412794, .0000773584085472, .0001209695791879, .0000499408212526, 1.12004879121e-06, -9.39238844359e-07, .0000370425302725, -6.33642590658e-07, -3.16514792146e-06, -1.10547276868e-06, 1.70062592632e-08, 9.15837838875e-08
-.0507885201041035, .0003348228562891, .0048919720364837, -.0014359605059045, 9.77217614862e-06, .0001217383791316, .0002586331020634, -1.34309099797e-06, -.0000249712927664, -5.19708511198e-06, 2.23286722363e-08, 5.18875725515e-07, -.0034079687188492, .0000470732661446, .0003242385205562, .0000166816873139, 4.85751938097e-07, -4.98787351311e-06, .0000235050897229, -1.65336634916e-07, -2.29076136571e-06, -5.66867591651e-07, 2.89577012552e-09, 5.87061351828e-08, -.0251176911140011, .0003799891876041, .0022683935985144, .0004855026997287, 7.29437065568e-07, -.0000736223012375, .0002027247518387, -1.80876130286e-06, -.0000192250048928, -5.45761497916e-06, 3.58881992296e-08, 5.57766347567e-07
.0130558141599786, .0000106188692365, -.0014359605059045, .0027215348494645, -.0000251794944026, -.0002410658416289, -.0001013260539346, 3.97749577067e-07, .0000104864393834, 6.06777847191e-07, 9.15072055792e-09, -9.68355682374e-08, -.0000781609143901, -.0000218100748112, 1.74043022811e-06, .0001537273158938, -2.27808889601e-06, -.0000108338056265, 1.53375621249e-06, 1.02310152965e-08, -6.45000913255e-08, -1.74146829795e-07, 2.09312992443e-09, 1.07773710698e-08, -.0150140698725647, .0004018297107956, .0011932264281905, -.0003104428571583, -7.93972537475e-06, .0000476011546403, .0000995742272433, -9.88376004956e-07, -9.05093333507e-06, -2.41990016377e-06, 2.77348353176e-08, 2.10512298524e-07
-.0000701171917399, -2.03323472378e-06, 9.77217614862e-06, -.0000251794944026, 5.24398871582e-07, 2.01852458731e-06, 1.04380003341e-06, -1.29603257516e-08, -1.08796837654e-07, -9.72514145680e-09, -1.23403304651e-11, 1.49810158858e-09, 2.94700672172e-06, -2.30338558380e-07, -1.17746222793e-08, -1.77026937471e-06, 7.82158359558e-08, 9.64680474336e-08, 8.80419404993e-08, -2.10829089637e-09, -9.48751761394e-09, -1.23384907747e-09, 1.52577427249e-12, 2.10543020477e-10, .0000896934013041, -6.53643693290e-06, -4.39476610811e-06, 3.07407402103e-06, -8.30402081875e-08, -3.94992136293e-07, -6.25464654176e-07, 1.99947163000e-08, 5.03509070791e-08, 1.50063449411e-08, -4.96991864415e-10, -9.71496259936e-10
-.0011250097553308, 9.02137540961e-07, .0001217383791316, -.0002410658416289, 2.01852458731e-06, .0000217060547821, 8.88512861996e-06, -3.62620647060e-08, -9.10897080930e-07, -5.20280990823e-08, -6.47708520136e-10, 7.90763031033e-09, 4.09754446398e-06, 2.67114656289e-06, -5.29841958533e-07, -.000013208443395, 1.52513641695e-07, 9.79469693283e-07, -2.23899494150e-07, -8.29684204619e-10, 1.63207084045e-08, 1.76153834972e-08, -1.62030051614e-10, -1.26070509736e-09, .0013358135603396, -.0000324268057787, -.0001105704520141, .0000391934961915, 5.84476845767e-07, -5.00478435453e-06, -9.34139117856e-06, 7.79658336561e-08, 8.71161510109e-07, 2.17610006277e-07, -2.03949761743e-09, -1.99264683818e-08
-.0026803137878831, .0000153511234172, .0002586331020634, -.0001013260539346, 1.04380003341e-06, 8.88512861996e-06, .0000187746490515, -1.19976230536e-07, -1.80575343115e-06, -3.97352951760e-07, 2.18103650274e-09, 3.91007149653e-08, -.0001853432439889, 2.35188793729e-06, .0000167154239811, 5.64587738734e-06, 7.34962907215e-08, -7.38809074313e-07, 1.66449458623e-06, -1.60691843292e-08, -1.56927208769e-07, -4.51581469615e-08, 3.21518626863e-10, 4.46463086022e-09, -.0013959176084902, .0000428734314158, .0001001286891601, .0002149025475947, -2.26024423515e-06, -.00002166187626, 4.32973041999e-06, -6.01654915164e-08, -3.34615337784e-07, -2.37753820875e-07, 1.87592074102e-09, 2.35246079162e-08
.0000159343724996, -2.73785103384e-07, -1.34309099797e-06, 3.97749577067e-07, -1.29603257516e-08, -3.62620647060e-08, -1.19976230536e-07, 1.77891253630e-09, 1.07429996483e-08, 2.75638894676e-09, -3.46659985269e-11, -2.50987149836e-10, 1.50633521764e-06, -4.71917443745e-08, -1.08530847161e-07, -2.24030406819e-09, -2.32244286666e-09, 9.79021264090e-10, -1.51091432524e-08, 3.21995153597e-10, 1.29459891692e-09, 3.94785839627e-10, -6.20709796722e-12, -3.57136991598e-11, .0000142744967205, -2.58421241239e-07, -1.03643178149e-06, -1.61322044615e-06, 2.64693054175e-08, 1.33549671942e-07, -9.81647290332e-08, 1.04808186457e-09, 7.93601519039e-09, 3.78498612463e-09, -3.99624749376e-11, -3.22107054406e-10
.0002555430402292, -1.20074910277e-06, -.0000249712927664, .0000104864393834, -1.08796837654e-07, -9.10897080930e-07, -1.80575343115e-06, 1.07429996483e-08, 1.74844121087e-07, 3.77202758206e-08, -1.85733513161e-10, -3.75104869678e-09, .0000173593689602, -1.94366515472e-07, -1.59238857818e-06, -5.46748942171e-07, -6.95253086204e-09, 7.36694202119e-08, -1.55026718452e-07, 1.36187878018e-09, 1.47744076960e-08, 4.20503464899e-09, -2.64650303357e-11, -4.21532632926e-10, .0001227312241883, -4.01974712812e-06, -8.70672757694e-06, -.0000208059752035, 2.08935197291e-07, 2.12795960600e-06, -2.89258346351e-07, 4.43932920184e-09, 2.12510571332e-08, 1.93188140001e-08, -1.35719330712e-10, -1.98139490992e-09
.0000549993789422, -3.53137726174e-07, -5.19708511198e-06, 6.06777847191e-07, -9.72514145680e-09, -5.20280990823e-08, -3.97352951760e-07, 2.75638894676e-09, 3.77202758206e-08, 9.61056252751e-09, -6.24321737805e-11, -9.18262359944e-10, 4.54257536458e-06, -3.84578889166e-08, -4.03883532264e-07, -2.51375660954e-07, -4.30023159926e-10, 2.60256977000e-08, -4.31581866259e-08, 4.09014136478e-10, 3.99684735717e-09, 1.28279615714e-09, -1.00073617356e-11, -1.21383435653e-10, .0000430200319616, -1.43711874151e-06, -3.01590105307e-06, -5.70899718998e-06, 6.60187586201e-08, 5.60629073056e-07, -1.39907245404e-07, 2.11722278138e-09, 1.08260178728e-08, 7.09207129322e-09, -6.61895614434e-11, -6.77535305934e-10
-2.93849481838e-07, 6.70450541753e-09, 2.23286722363e-08, 9.15072055792e-09, -1.23403304651e-11, -6.47708520136e-10, 2.18103650274e-09, -3.46659985269e-11, -1.85733513161e-10, -6.24321737805e-11, 8.72022138132e-13, 5.26268530611e-12, -3.68859277597e-08, 1.08110238555e-09, 2.54963679271e-09, 1.42825100463e-09, 8.38019588840e-12, -1.03076357000e-10, 3.33379489542e-10, -6.56372682298e-12, -2.74706640721e-11, -9.80698762865e-12, 1.57409699835e-13, 8.15612462316e-13, -3.89497481428e-07, 1.21100823986e-08, 2.52892012294e-08, 4.21687829913e-08, -6.43046902026e-10, -3.46344715253e-09, 2.36022356764e-09, -3.74680216253e-11, -1.82388710844e-10, -9.30609460006e-11, 1.27638135569e-12, 7.60550560656e-12
-5.38551067578e-06, 2.70520909007e-08, 5.18875725515e-07, -9.68355682374e-08, 1.49810158858e-09, 7.90763031033e-09, 3.91007149653e-08, -2.50987149836e-10, -3.75104869678e-09, -9.18262359944e-10, 5.26268530611e-12, 8.93316019607e-11, -4.25666201534e-07, 2.73755610003e-09, 3.89078248713e-08, 2.27193714543e-08, 9.76056564866e-11, -2.49835154574e-09, 4.08126528044e-09, -3.55066999641e-11, -3.83795467395e-10, -1.20089161362e-10, 8.23263958721e-13, 1.16178190555e-11, -3.83031721048e-06, 1.28232456742e-07, 2.71273314554e-07, 5.44931354525e-07, -6.10449387780e-09, -5.45362634642e-08, 1.06541473121e-08, -1.52562219851e-10, -8.21567307501e-10, -5.97688615177e-10, 4.75372817282e-12, 5.93065583485e-11
.0358252174149824, -.0003494648509796, -.0034079687188492, -.0000781609143901, 2.94700672172e-06, 4.09754446398e-06, -.0001853432439889, 1.50633521764e-06, .0000173593689602, 4.54257536458e-06, -3.68859277597e-08, -4.25666201534e-07, .0225442160151674, -.0002727698231428, -.0020380146061702, -.0000695978176945, 5.31158898015e-06, 6.69882659480e-06, -.0000803099599493, 4.37559883023e-07, 7.53559546293e-06, 1.96355592482e-06, -1.21267988758e-08, -1.85300318883e-07, .1412926641865847, -.0010489362028545, -.0130559783721861, -.0006269998290782, .0000240994163802, .00005457064256, -.000560266401548, 2.70100275073e-06, .00005344321538, .0000140989851584, -8.32110653853e-08, -1.33426523334e-06
-.0006175052500486, .0000235348693473, .0000470732661446, -.0000218100748112, -2.30338558380e-07, 2.67114656289e-06, 2.35188793729e-06, -4.71917443745e-08, -1.94366515472e-07, -3.84578889166e-08, 1.08110238555e-09, 2.73755610003e-09, -.0002727698231428, .0000112090439412, .0000186086622831, 4.67364305734e-06, -3.30832340551e-07, -2.38369948277e-07, 4.86489183600e-08, -6.64948730333e-09, 9.44136220249e-09, -2.33988583345e-10, 2.44611999708e-10, -3.65897968364e-10, -.0013556431319449, .0000354136993806, .0000933726868896, .0001024618380643, -6.78340723177e-07, -8.56154402301e-06, 4.36467722279e-06, -1.14757138050e-07, -3.16401352655e-07, -2.00418527834e-07, 3.86009257626e-09, 1.46356374590e-08
-.0033043189867084, .0000195318560111, .0003242385205562, 1.74043022811e-06, -1.17746222793e-08, -5.29841958533e-07, .0000167154239811, -1.08530847161e-07, -1.59238857818e-06, -4.03883532264e-07, 2.54963679271e-09, 3.89078248713e-08, -.0020380146061702, .0000186086622831, .0001902888472216, -2.10601582180e-06, -2.00129948835e-07, -7.64214529826e-08, 7.99036426341e-06, -3.75157636456e-08, -7.65900296569e-07, -1.91464764543e-07, 9.32806343593e-10, 1.85793804627e-08, -.0124899490656476, .0000586684075506, .0011977338401895, -.0000981489508891, -5.35952494870e-07, 8.16932298443e-06, .0000536655549165, -1.83743097138e-07, -5.24847620534e-06, -1.22531605484e-06, 4.75447527846e-09, 1.20777102661e-07
-.0001727064895961, -3.97156342320e-06, .0000166816873139, .0001537273158938, -1.77026937471e-06, -.000013208443395, 5.64587738734e-06, -2.24030406819e-09, -5.46748942171e-07, -2.51375660954e-07, 1.42825100463e-09, 2.27193714543e-08, -.0000695978176945, 4.67364305734e-06, -2.10601582180e-06, .0000750288901977, -1.21889241319e-06, -6.54980264989e-06, -1.52326141495e-06, 3.22448910824e-08, 1.57730104208e-07, -8.08787154054e-09, -9.75320304239e-11, 3.72586932809e-11, -.0022972548419627, .0001049060778774, .0001219218337036, .0006226022435132, -7.94034413151e-06, -.0000594920533772, -.0000130235646273, 1.17175517928e-07, 1.38368652795e-06, -3.54988101348e-08, -2.66560396378e-10, 3.83584469944e-09
-3.38294145151e-06, -2.56883611040e-07, 4.85751938097e-07, -2.27808889601e-06, 7.82158359558e-08, 1.52513641695e-07, 7.34962907215e-08, -2.32244286666e-09, -6.95253086204e-09, -4.30023159926e-10, 8.38019588840e-12, 9.76056564866e-11, 5.31158898015e-06, -3.30832340551e-07, -2.00129948835e-07, -1.21889241319e-06, 4.27034503351e-08, 9.01800501287e-08, 5.67190469984e-08, -1.22084674962e-09, -5.85906581003e-09, -7.88667570226e-10, 7.82040456987e-12, 1.04088085255e-10, 8.63950260217e-06, -1.60442043405e-06, 9.63539122965e-07, -.000010350955563, 1.32859925865e-07, 9.46313931513e-07, 3.68919090545e-07, -2.92464277961e-09, -3.75866479956e-08, -1.86826402190e-09, -1.95759400390e-11, 2.99250685321e-10
.0000448594252456, 7.68379916289e-07, -4.98787351311e-06, -.0000108338056265, 9.64680474336e-08, 9.79469693283e-07, -7.38809074313e-07, 9.79021264090e-10, 7.36694202119e-08, 2.60256977000e-08, -1.03076357000e-10, -2.49835154574e-09, 6.69882659480e-06, -2.38369948277e-07, -7.64214529826e-08, -6.54980264989e-06, 9.01800501287e-08, 5.96750981215e-07, 1.05071894778e-07, -2.78849409932e-09, -1.02999705281e-08, 1.32554032646e-09, 1.84615854514e-11, -1.01298950384e-10, .0002195608319514, -8.28340643579e-06, -.0000137170277424, -.0000529396693435, 6.74507021162e-07, 5.18756908267e-06, 1.10115280123e-06, -1.40404470038e-08, -1.12359590834e-07, 4.89965062074e-10, 1.81698387964e-10, -3.94679763263e-10
-.0002483169750172, 1.14442019920e-06, .0000235050897229, 1.53375621249e-06, 8.80419404993e-08, -2.23899494150e-07, 1.66449458623e-06, -1.51091432524e-08, -1.55026718452e-07, -4.31581866259e-08, 3.33379489542e-10, 4.08126528044e-09, -.0000803099599493, 4.86489183600e-08, 7.99036426341e-06, -1.52326141495e-06, 5.67190469984e-08, 1.05071894778e-07, 6.10519608737e-07, -4.85151291765e-09, -5.84319424987e-08, -1.48485089644e-08, 9.57791752753e-11, 1.44203852117e-09, -.0006483820022692, 4.54703304879e-06, .0000618016118465, -.0000117157411436, -2.84099998086e-08, 1.05458229113e-06, 3.92013059085e-06, -2.12236038464e-08, -3.74925021632e-07, -8.81702956964e-08, 4.66726165416e-10, 8.63583356509e-09
2.14815602830e-06, -5.02704558518e-08, -1.65336634916e-07, 1.02310152965e-08, -2.10829089637e-09, -8.29684204619e-10, -1.60691843292e-08, 3.21995153597e-10, 1.36187878018e-09, 4.09014136478e-10, -6.56372682298e-12, -3.55066999641e-11, 4.37559883023e-07, -6.64948730333e-09, -3.75157636456e-08, 3.22448910824e-08, -1.22084674962e-09, -2.78849409932e-09, -4.85151291765e-09, 1.01729976452e-10, 4.26880481040e-10, 1.08329933042e-10, -1.83492452370e-12, -9.77265399245e-12, 5.14422094966e-06, -8.69330459251e-08, -4.20452384129e-07, -7.14901544518e-10, -3.42521395227e-10, -4.20157450555e-09, -4.05509942805e-08, 5.88366348518e-10, 3.51573712842e-09, 1.08671160810e-09, -1.46727033344e-11, -9.25254884317e-11
.0000237189529529, -6.59306661492e-08, -2.29076136571e-06, -6.45000913255e-08, -9.48751761394e-09, 1.63207084045e-08, -1.56927208769e-07, 1.29459891692e-09, 1.47744076960e-08, 3.99684735717e-09, -2.74706640721e-11, -3.83795467395e-10, 7.53559546293e-06, 9.44136220249e-09, -7.65900296569e-07, 1.57730104208e-07, -5.85906581003e-09, -1.02999705281e-08, -5.84319424987e-08, 4.26880481040e-10, 5.64962646937e-09, 1.41042160086e-09, -8.03051984435e-12, -1.38886481766e-10, .0000594740197202, -3.22027696797e-07, -5.80410884460e-06, 1.54173764696e-06, -2.43175623140e-09, -1.33736209303e-07, -3.68129153119e-07, 1.71110028597e-09, 3.56841308224e-08, 7.86975955970e-09, -3.24453059862e-11, -7.90478577115e-10
6.00845077950e-06, -2.02124506432e-08, -5.66867591651e-07, -1.74146829795e-07, -1.23384907747e-09, 1.76153834972e-08, -4.51581469615e-08, 3.94785839627e-10, 4.20503464899e-09, 1.28279615714e-09, -9.80698762865e-12, -1.20089161362e-10, 1.96355592482e-06, -2.33988583345e-10, -1.91464764543e-07, -8.08787154054e-09, -7.88667570226e-10, 1.32554032646e-09, -1.48485089644e-08, 1.08329933042e-10, 1.41042160086e-09, 3.96671346276e-10, -2.55130347559e-12, -3.77880236187e-11, .0000174340869436, -1.88621483816e-07, -1.59250943124e-06, -1.13495068019e-07, 5.72598092097e-09, 1.24356535509e-08, -9.01198338531e-08, 4.85874785400e-10, 8.49893211381e-09, 2.27595060706e-09, -1.21187182955e-11, -2.22727839331e-10
-4.11191566203e-08, 1.14971172855e-09, 2.89577012552e-09, 2.09312992443e-09, 1.52577427249e-12, -1.62030051614e-10, 3.21518626863e-10, -6.20709796722e-12, -2.64650303357e-11, -1.00073617356e-11, 1.57409699835e-13, 8.23263958721e-13, -1.21267988758e-08, 2.44611999708e-10, 9.32806343593e-10, -9.75320304239e-11, 7.82040456987e-12, 1.84615854514e-11, 9.57791752753e-11, -1.83492452370e-12, -8.03051984435e-12, -2.55130347559e-12, 4.30769498806e-14, 2.09134267407e-13, -1.28630706785e-07, 3.44598001475e-09, 9.36667750277e-09, 4.81123622513e-09, -5.53810401612e-11, -3.36897947203e-10, 7.72770765886e-10, -1.35971991252e-11, -6.34625971002e-11, -2.44203237984e-11, 3.81330306827e-13, 1.98528716234e-12
-6.05910111014e-07, 8.76602502869e-10, 5.87061351828e-08, 1.07773710698e-08, 2.10543020477e-10, -1.26070509736e-09, 4.46463086022e-09, -3.57136991598e-11, -4.21532632926e-10, -1.21383435653e-10, 8.15612462316e-13, 1.16178190555e-11, -1.85300318883e-07, -3.65897968364e-10, 1.85793804627e-08, 3.72586932809e-11, 1.04088085255e-10, -1.01298950384e-10, 1.44203852117e-09, -9.77265399245e-12, -1.38886481766e-10, -3.77880236187e-11, 2.09134267407e-13, 3.68251124783e-12, -1.60940697040e-06, 1.32889859788e-08, 1.51727385757e-07, -5.68697242820e-10, -4.16537329768e-10, -3.33455068962e-10, 8.58316973045e-09, -3.45147982651e-11, -8.25119165956e-10, -2.05706022869e-10, 7.32882868993e-13, 2.08069155362e-11
.2816966593167533, -.002101585412794, -.0251176911140011, -.0150140698725647, .0000896934013041, .0013358135603396, -.0013959176084902, .0000142744967205, .0001227312241883, .0000430200319616, -3.89497481428e-07, -3.83031721048e-06, .1412926641865847, -.0013556431319449, -.0124899490656476, -.0022972548419627, 8.63950260217e-06, .0002195608319514, -.0006483820022692, 5.14422094966e-06, .0000594740197202, .0000174340869436, -1.28630706785e-07, -1.60940697040e-06, 3.727775611809779, -.0296797268322344, -.3486395965627292, .0666376312353175, -.0000682697879958, -.0065667853851137, -.0161278197062305, .0000988889780042, .0015221515723116, .0003576171222265, -2.31503926993e-06, -.0000336559028216
-.0045044712490891, .0000773584085472, .0003799891876041, .0004018297107956, -6.53643693290e-06, -.0000324268057787, .0000428734314158, -2.58421241239e-07, -4.01974712812e-06, -1.43711874151e-06, 1.21100823986e-08, 1.28232456742e-07, -.0010489362028545, .0000354136993806, .0000586684075506, .0001049060778774, -1.60442043405e-06, -8.28340643579e-06, 4.54703304879e-06, -8.69330459251e-08, -3.22027696797e-07, -1.88621483816e-07, 3.44598001475e-09, 1.32889859788e-08, -.0296797268322344, .001368353776105, .0018607689620563, .0016795348234633, -.0000145206885403, -.0001628906054033, .0000350395003909, -2.39170368023e-06, -1.36646809511e-06, -1.71544258627e-06, 6.06932607330e-08, 1.18312330992e-07
-.0248283993431241, .0001209695791879, .0022683935985144, .0011932264281905, -4.39476610811e-06, -.0001105704520141, .0001001286891601, -1.03643178149e-06, -8.70672757694e-06, -3.01590105307e-06, 2.52892012294e-08, 2.71273314554e-07, -.0130559783721861, .0000933726868896, .0011977338401895, .0001219218337036, 9.63539122965e-07, -.0000137170277424, .0000618016118465, -4.20452384129e-07, -5.80410884460e-06, -1.59250943124e-06, 9.36667750277e-09, 1.51727385757e-07, -.3486395965627292, .0018607689620563, .033535886121757, -.0090662358591302, .0000402502254806, .0008714684240421, .0016161247530951, -8.54004653793e-06, -.0001547605254435, -.0000344420738003, 1.83814219839e-07, 3.30149810252e-06
-.0047768059062558, .0000499408212526, .0004855026997287, -.0003104428571583, 3.07407402103e-06, .0000391934961915, .0002149025475947, -1.61322044615e-06, -.0000208059752035, -5.70899718998e-06, 4.21687829913e-08, 5.44931354525e-07, -.0006269998290782, .0001024618380643, -.0000981489508891, .0006226022435132, -.000010350955563, -.0000529396693435, -.0000117157411436, -7.14901544518e-10, 1.54173764696e-06, -1.13495068019e-07, 4.81123622513e-09, -5.68697242820e-10, .0666376312353175, .0016795348234633, -.0090662358591302, .0241188615258214, -.0003346027997726, -.0021961129137224, -.0010342267739917, 9.91773356752e-06, .0001037868362642, .0000100053928492, -6.31669344188e-08, -1.12354472862e-06
-9.99841036451e-08, 1.12004879121e-06, 7.29437065568e-07, -7.93972537475e-06, -8.30402081875e-08, 5.84476845767e-07, -2.26024423515e-06, 2.64693054175e-08, 2.08935197291e-07, 6.60187586201e-08, -6.43046902026e-10, -6.10449387780e-09, .0000240994163802, -6.78340723177e-07, -5.35952494870e-07, -7.94034413151e-06, 1.32859925865e-07, 6.74507021162e-07, -2.84099998086e-08, -3.42521395227e-10, -2.43175623140e-09, 5.72598092097e-09, -5.53810401612e-11, -4.16537329768e-10, -.0000682697879958, -.0000145206885403, .0000402502254806, -.0003346027997726, 8.44116410189e-06, .0000274744059696, .0000120483577563, -3.02479630806e-07, -1.20336868285e-06, -8.84441896993e-08, 2.30920325990e-09, 1.33950238502e-08
.0006688277513229, -9.39238844359e-07, -.0000736223012375, .0000476011546403, -3.94992136293e-07, -5.00478435453e-06, -.00002166187626, 1.33549671942e-07, 2.12795960600e-06, 5.60629073056e-07, -3.46344715253e-09, -5.45362634642e-08, .00005457064256, -8.56154402301e-06, 8.16932298443e-06, -.0000594920533772, 9.46313931513e-07, 5.18756908267e-06, 1.05458229113e-06, -4.20157450555e-09, -1.33736209303e-07, 1.24356535509e-08, -3.36897947203e-10, -3.33455068962e-10, -.0065667853851137, -.0001628906054033, .0008714684240421, -.0021961129137224, .0000274744059696, .0002039662216467, .0000970505560798, -8.21111383091e-07, -9.69113176692e-06, -1.00377362005e-06, 6.46522917954e-09, 1.05755848927e-07
-.0024225358690879, .0000370425302725, .0002027247518387, .0000995742272433, -6.25464654176e-07, -9.34139117856e-06, 4.32973041999e-06, -9.81647290332e-08, -2.89258346351e-07, -1.39907245404e-07, 2.36022356764e-09, 1.06541473121e-08, -.000560266401548, 4.36467722279e-06, .0000536655549165, -.0000130235646273, 3.68919090545e-07, 1.10115280123e-06, 3.92013059085e-06, -4.05509942805e-08, -3.68129153119e-07, -9.01198338531e-08, 7.72770765886e-10, 8.58316973045e-09, -.0161278197062305, .0000350395003909, .0016161247530951, -.0010342267739917, .0000120483577563, .0000970505560798, .0001183896706601, -9.20879617776e-07, -.0000113579381251, -2.39125154754e-06, 1.66100497157e-08, 2.30630587228e-07
.0000235171563808, -6.33642590658e-07, -1.80876130286e-06, -9.88376004956e-07, 1.99947163000e-08, 7.79658336561e-08, -6.01654915164e-08, 1.04808186457e-09, 4.43932920184e-09, 2.11722278138e-09, -3.74680216253e-11, -1.52562219851e-10, 2.70100275073e-06, -1.14757138050e-07, -1.83743097138e-07, 1.17175517928e-07, -2.92464277961e-09, -1.40404470038e-08, -2.12236038464e-08, 5.88366348518e-10, 1.71110028597e-09, 4.85874785400e-10, -1.35971991252e-11, -3.45147982651e-11, .0000988889780042, -2.39170368023e-06, -8.54004653793e-06, 9.91773356752e-06, -3.02479630806e-07, -8.21111383091e-07, -9.20879617776e-07, 2.12432631380e-08, 8.34596561134e-08, 1.76384941578e-08, -3.41249764607e-10, -1.67772751608e-09
.000226059926833, -3.16514792146e-06, -.0000192250048928, -9.05093333507e-06, 5.03509070791e-08, 8.71161510109e-07, -3.34615337784e-07, 7.93601519039e-09, 2.12510571332e-08, 1.08260178728e-08, -1.82388710844e-10, -8.21567307501e-10, .00005344321538, -3.16401352655e-07, -5.24847620534e-06, 1.38368652795e-06, -3.75866479956e-08, -1.12359590834e-07, -3.74925021632e-07, 3.51573712842e-09, 3.56841308224e-08, 8.49893211381e-09, -6.34625971002e-11, -8.25119165956e-10, .0015221515723116, -1.36646809511e-06, -.0001547605254435, .0001037868362642, -1.20336868285e-06, -9.69113176692e-06, -.0000113579381251, 8.34596561134e-08, 1.09620510331e-06, 2.26073279770e-07, -1.44745222125e-09, -2.20043412950e-08
.0000658050598142, -1.10547276868e-06, -5.45761497916e-06, -2.41990016377e-06, 1.50063449411e-08, 2.17610006277e-07, -2.37753820875e-07, 3.78498612463e-09, 1.93188140001e-08, 7.09207129322e-09, -9.30609460006e-11, -5.97688615177e-10, .0000140989851584, -2.00418527834e-07, -1.22531605484e-06, -3.54988101348e-08, -1.86826402190e-09, 4.89965062074e-10, -8.81702956964e-08, 1.08671160810e-09, 7.86975955970e-09, 2.27595060706e-09, -2.44203237984e-11, -2.05706022869e-10, .0003576171222265, -1.71544258627e-06, -.0000344420738003, .0000100053928492, -8.84441896993e-08, -1.00377362005e-06, -2.39125154754e-06, 1.76384941578e-08, 2.26073279770e-07, 5.77556735867e-08, -4.17495251692e-10, -5.42050486819e-09
-5.14362012021e-07, 1.70062592632e-08, 3.58881992296e-08, 2.77348353176e-08, -4.96991864415e-10, -2.03949761743e-09, 1.87592074102e-09, -3.99624749376e-11, -1.35719330712e-10, -6.61895614434e-11, 1.27638135569e-12, 4.75372817282e-12, -8.32110653853e-08, 3.86009257626e-09, 4.75447527846e-09, -2.66560396378e-10, -1.95759400390e-11, 1.81698387964e-10, 4.66726165416e-10, -1.46727033344e-11, -3.24453059862e-11, -1.21187182955e-11, 3.81330306827e-13, 7.32882868993e-13, -2.31503926993e-06, 6.06932607330e-08, 1.83814219839e-07, -6.31669344188e-08, 2.30920325990e-09, 6.46522917954e-09, 1.66100497157e-08, -3.41249764607e-10, -1.44745222125e-09, -4.17495251692e-10, 7.65410651527e-12, 3.51301939717e-11
-6.49571373229e-06, 9.15837838875e-08, 5.57766347567e-07, 2.10512298524e-07, -9.71496259936e-10, -1.99264683818e-08, 2.35246079162e-08, -3.22107054406e-10, -1.98139490992e-09, -6.77535305934e-10, 7.60550560656e-12, 5.93065583485e-11, -1.33426523334e-06, 1.46356374590e-08, 1.20777102661e-07, 3.83584469944e-09, 2.99250685321e-10, -3.94679763263e-10, 8.63583356509e-09, -9.25254884317e-11, -7.90478577115e-10, -2.22727839331e-10, 1.98528716234e-12, 2.08069155362e-11, -.0000336559028216, 1.18312330992e-07, 3.30149810252e-06, -1.12354472862e-06, 1.33950238502e-08, 1.05755848927e-07, 2.30630587228e-07, -1.67772751608e-09, -2.20043412950e-08, -5.42050486819e-09, 3.51301939717e-11, 5.21227313540e-10
residvcv
356790.4429961393
