---
oneline: Mortality global age‑combined spec1 GMFD results
version: MORTALITY-AGE-COMBINED-SPEC1-GMFD
dependencies: agespec_interaction_response_GMFD.ster
description: 4th-order polynomial OLS, population‑weighted; ADM2 & ADM0×Year FE
csvv-version: aliabonanno-2025-07-23
variables:
  tavg_poly_1: T1_sum [C]
  tavg_poly_2: T2_sum [C^2]
  tavg_poly_3: T3_sum [C^3]
  tavg_poly_4: T4_sum [C^4]
  lr_tavg: yearly avg tas [C]
  deathrate_w99: death rate winsorized at 99th percentile
  loggdppc_adm0_avg: log GDP per capita
...
observations
 406592
prednames
tavg_poly_1, tavg_poly_2, tavg_poly_3, tavg_poly_4
covarnames
1, lr_tavg, loggdppc_adm0_avg
gamma
-.272221741711249, .2290772866624163, 5.755486121307177, -.078501743558554, -.0055589833731648, .2283746573862722, .0036281489575542, -.0012324361630205, -.0470525080346806, -.0000360750142757, .0000387157601345, .0012028260126258
.0421412154106702, -.0147579511695887, -.5759413172269332, .0073753973251389, .0006606668197609, -.028645741601887, -.0003902346791007, .0001164492337207, .0044887725562831, 4.94785885091e-06, -3.63029770621e-06, -.0001041542374526
-.0112339488549052, -.0071891952839551, -.018591299395226, .000560616816013, .0001285373210181, .0071159497513602, -4.43737969909e-06, 6.99245803539e-06, -.0002447459824647, -2.44229760028e-07, -2.40522530129e-07, -3.68206805213e-07
gammavcv
.1994838698211013, .0175918699516464, .1606640388843039, .0099868937469341, -.0002175987659224, .0083053239842935, -.0015563283382991, -.0000407572005522, -.0014907352918824, .0000342951658927, 1.03353310544e-06, .000036678211981, -.0187645973165965, -.0013932678870216, -.0149743486584154, -.0010250637224539, .0000123938957926, -.0010167178017997, .0001477382046506, 2.68505290638e-06, .0001344965478158, -3.15431364058e-06, -7.36636803560e-08, -3.14560704765e-06, -.0009541985656482, -.0003018584616733, -.0009294358106133, .0000630470097751, .0000305927817341, .0003228999870756, 1.96855637680e-06, -6.95867863148e-07, -9.97088010251e-06, -1.06975789503e-07, 4.45201872992e-09, 3.14871824919e-08
.0175918699516464, .0249056282279971, .259086378044786, -.0039450875151342, .0003086998747819, .0145890464926481, .0000753061283822, -.0000871965598809, -.0018745707204901, 5.73832474085e-07, 1.95682975194e-06, .0000402739079735, -.0013432925618645, -.0021767089700427, -.0247801312631819, .0003604587738064, -.0000357957238299, -.0015733311120794, -8.71417820770e-06, 7.95042070379e-06, .0001772208612467, 9.73563613013e-09, -1.71697249036e-07, -3.61511052889e-06, -.0004199872609678, -.00034496349206, -.0011498609369618, .0000726069633593, .000025462061977, .0001881865337658, -2.57549353638e-06, -5.32599389293e-07, -3.55159536421e-06, 1.92214121732e-08, 5.88356199254e-10, -5.11710349907e-08
.1606640388843039, .259086378044786, 10.25170845252031, .0146534137690816, .0179150243726981, .5880191800129568, -.0002880875670572, -.0019920109227518, -.0737918598436483, -1.93878345498e-07, .000043254388228, .0015832469776774, -.0135602526406621, -.0246820803286744, -.9579753090568346, -.0020366634939163, -.0019378304823239, -.0614757467315737, 5.16462092757e-06, .0001867570593034, .0069698904572028, 1.28355943285e-06, -3.68709073482e-06, -.0001416423699933, -.0013498870648283, -.00098746666898, -.0582723753887577, .0006578057643854, .0001661004446575, .0055703592695957, -.0000281698063099, -3.09429660967e-06, -.0000513091477343, 2.26955671891e-07, -9.53721040509e-08, -3.33044622861e-06
.0099868937469341, -.0039450875151342, .0146534137690816, .0042173547168202, -.0001513998369689, -.0006351896963158, -.0002253803908465, .0000188589728784, -8.58185403972e-06, 3.15848646292e-06, -3.71187394021e-07, 8.66566972329e-07, -.0011660343653808, .0003483394848684, -.0010595892825434, -.0003978340268607, .0000161786202888, .0000772554548331, .0000226044423819, -1.77480710536e-06, -4.38123291260e-07, -3.34936481751e-07, 3.35827511869e-08, -5.00853422784e-08, .0002182299021476, .0000530661309166, -.0003245977459184, -.0000390735407142, -4.05691201996e-06, 9.86282177070e-06, 1.47045245751e-06, 8.51612262097e-08, 7.64988218850e-08, -1.45999472363e-08, -1.20462636986e-10, -9.22296835487e-09
-.0002175987659224, .0003086998747819, .0179150243726981, -.0001513998369689, .0002819806606875, .0025551810628309, .0000124683218616, -.0000183056076581, -.0002367043999712, -2.21035520645e-07, 3.23233399988e-07, 4.82005647793e-06, .0000135366627496, -.0000544268038913, -.0017634719036608, .0000104420667655, -.0000281355492018, -.0002595372332282, -1.33425228897e-06, 1.78953632080e-06, .0000229580857859, 2.86930260110e-08, -2.99213577908e-08, -4.41888838429e-07, .0000122202557964, .0000347175126145, -5.35168578578e-06, 1.89855478542e-06, -3.07667528559e-06, -4.57332214936e-06, -7.48732790146e-08, 1.20790651042e-07, 5.70351984541e-07, 4.30837367383e-11, -2.07275686409e-09, -1.87085587058e-08
.0083053239842935, .0145890464926481, .5880191800129568, -.0006351896963158, .0025551810628309, .11076328080264, .0002142178466489, -.0002111194945288, -.0091074185138219, -5.26684028869e-06, 4.25109645533e-06, .0001749580290683, -.0003195662281865, -.0013205683823331, -.0589319970360569, .0000498922504864, -.0002609109144545, -.0111537163942766, -.0000228234455416, .0000205867581117, .0008925707429182, 5.88453403637e-07, -3.85173001886e-07, -.0000165134935998, -.0003423410179883, -.0001033917178855, .0004597477957041, .0000372848798596, 7.38352993894e-07, -.0002546784293696, -1.96221929104e-06, 2.91073859521e-07, .0000224711286159, 2.71002294986e-08, -1.46112350692e-08, -5.99383636202e-07
-.0015563283382991, .0000753061283822, -.0002880875670572, -.0002253803908465, .0000124683218616, .0002142178466489, .0000206456178475, -9.26127162969e-07, -.0000102168262685, -4.00507754201e-07, 1.72558793053e-08, 1.17601418795e-07, .0001563462530541, -8.25262480852e-06, .0000101088672445, .0000216584615126, -1.26806368053e-06, -.0000211463274904, -2.01870393063e-06, 9.65718281287e-08, 1.10244241173e-06, 3.90612181673e-08, -1.64373285595e-09, -1.33731259479e-08, -4.04388007267e-06, 1.43650899511e-07, .0000164907929948, 1.46629580601e-06, -3.83262222215e-08, -2.63911932837e-06, -9.15511158570e-08, 1.05809046836e-09, 1.01663620638e-07, 1.66862281019e-09, -5.34065864677e-11, -1.21462673601e-09
-.0000407572005522, -.0000871965598809, -.0019920109227518, .0000188589728784, -.0000183056076581, -.0002111194945288, -9.26127162969e-07, 1.44010123628e-06, .0000216158025126, 1.11692548959e-08, -2.75369966957e-08, -4.50089387976e-07, 3.44823792820e-06, 9.43433458956e-06, .0001945278935615, -1.49460606389e-06, 1.84740429401e-06, .0000217046161745, 1.01501919734e-07, -1.39232574490e-07, -2.08402847171e-06, -1.72924484491e-09, 2.51552253038e-09, 4.11146290726e-08, 4.30450417192e-07, -1.34410781743e-06, 3.32188886406e-06, -3.22531737203e-07, 1.25560059003e-07, -2.38713109351e-07, 1.19557049780e-08, -6.27288808958e-09, -2.84235903447e-08, -5.49398863742e-11, 1.37642824311e-10, 1.42579844573e-09
-.0014907352918824, -.0018745707204901, -.0737918598436483, -8.58185403972e-06, -.0002367043999712, -.0091074185138219, -.0000102168262685, .0000216158025126, .0008583710381988, 2.61391413336e-07, -4.49255758836e-07, -.0000172803648864, .0001078041954288, .0001761028346155, .007188341151546, 4.64688334167e-06, .0000246774672365, .0009280480190088, 1.22511340446e-06, -2.07602186677e-06, -.0000831666891536, -3.65345853623e-08, 3.96858843064e-08, 1.59980398235e-06, .0000254066252433, 6.57555625869e-06, .0001505587900224, -5.32193538121e-06, -5.08855516805e-07, -5.66909201413e-06, 2.40898825883e-07, -1.22844628166e-08, -1.16203987783e-06, -2.29161984928e-09, 1.40707791456e-09, 5.04968305402e-08
.0000342951658927, 5.73832474085e-07, -1.93878345498e-07, 3.15848646292e-06, -2.21035520645e-07, -5.26684028869e-06, -4.00507754201e-07, 1.11692548959e-08, 2.61391413336e-07, 8.67219513196e-09, -1.83567058072e-10, -3.22829161409e-09, -3.33677110298e-06, -9.43434068019e-09, 2.41531382063e-07, -3.09714646953e-07, 2.20045493655e-08, 5.11377442972e-07, 3.87505096254e-08, -1.29615863403e-09, -2.74153094640e-08, -8.24507995768e-10, 1.87764688179e-11, 3.43727536460e-10, -3.52083797430e-08, -3.63495883363e-08, -2.15519817865e-07, -1.21843174594e-08, 3.39613686939e-09, 6.07352913965e-08, 1.43123235993e-09, -7.21437915835e-11, -2.60527530581e-09, -3.52960937879e-11, 1.24541731642e-12, 3.52236420046e-11
1.03353310544e-06, 1.95682975194e-06, .000043254388228, -3.71187394021e-07, 3.23233399988e-07, 4.25109645533e-06, 1.72558793053e-08, -2.75369966957e-08, -4.49255758836e-07, -1.83567058072e-10, 5.47059586233e-10, 9.43238672875e-09, -8.44176206182e-08, -2.04398475596e-07, -4.21694027958e-06, 2.94306087730e-08, -3.28598681064e-08, -4.38344446247e-07, -1.90945283323e-09, 2.65545990394e-09, 4.32586049424e-08, 3.09533634417e-11, -4.96636061597e-11, -8.60699467766e-10, -1.54734329133e-08, 1.94587387397e-08, -8.53656509712e-08, 7.17017490040e-09, -1.77093446700e-09, 8.41995778048e-09, -2.68918340435e-10, 1.00918423190e-10, 4.59477753879e-10, 1.39870669057e-12, -2.53655529347e-12, -2.81666737747e-11
.000036678211981, .0000402739079735, .0015832469776774, 8.66566972329e-07, 4.82005647793e-06, .0001749580290683, 1.17601418795e-07, -4.50089387976e-07, -.0000172803648864, -3.22829161409e-09, 9.43238672875e-09, 3.53532992911e-07, -2.88118188039e-06, -3.82417715339e-06, -.0001534673487176, -1.80052101978e-07, -5.05648872163e-07, -.0000179175747576, -1.64098163994e-08, 4.30433104346e-08, 1.66860829639e-06, 5.67546242785e-10, -8.26956849621e-10, -3.25228430670e-08, -4.61759071453e-07, -8.54157388316e-08, -4.04281032520e-06, 1.17473140653e-07, 1.07878152327e-08, 2.94887734626e-07, -5.10414276065e-09, 2.32583989320e-10, 1.73498268340e-08, 4.13450839219e-11, -2.98676968666e-11, -9.85405258437e-10
-.0187645973165965, -.0013432925618645, -.0135602526406621, -.0011660343653808, .0000135366627496, -.0003195662281865, .0001563462530541, 3.44823792820e-06, .0001078041954288, -3.33677110298e-06, -8.44176206182e-08, -2.88118188039e-06, .0018138672813792, .0001105985908528, .0012375112999801, .0001177358971997, -5.78687679256e-07, .0000478126553276, -.0000149959473091, -2.32163657590e-07, -9.44627993375e-06, 3.11700387983e-07, 6.15452545135e-09, 2.42070926623e-07, .0000489804087391, .0000169225554754, .0000875329432607, -2.92036942996e-06, -2.14057589503e-06, -.000029319875903, -2.33603127137e-07, 5.13515983188e-08, 9.34085397546e-07, 9.63305641041e-09, -3.95523149218e-10, -3.94363418914e-09
-.0013932678870216, -.0021767089700427, -.0246820803286744, .0003483394848684, -.0000544268038913, -.0013205683823331, -8.25262480852e-06, 9.43433458956e-06, .0001761028346155, -9.43434068019e-09, -2.04398475596e-07, -3.82417715339e-06, .0001105985908528, .0001971365494996, .0023630911954742, -.0000312464240236, 5.91332123643e-06, .0001420359283176, 9.22900937036e-07, -8.76554280077e-07, -.0000166321737804, -5.20617806404e-09, 1.81090748555e-08, 3.42263412568e-07, .0000299702141248, .0000216940122316, .0001012878021439, -6.33218395991e-06, -1.66845674053e-06, -.0000160708126191, 2.34603156873e-07, 3.01179345548e-08, 2.65970902045e-07, -1.84089533224e-09, 1.91182854788e-10, 6.04557738543e-09
-.0149743486584154, -.0247801312631819, -.9579753090568346, -.0010595892825434, -.0017634719036608, -.0589319970360569, .0000101088672445, .0001945278935615, .007188341151546, 2.41531382063e-07, -4.21694027958e-06, -.0001534673487176, .0012375112999801, .0023630911954742, .0903122045505145, .000160554143239, .00019004352224, .0061411798732663, 1.15956821624e-06, -.0000182960513962, -.0006818195080846, -1.42876367972e-07, 3.61404258924e-07, .0000138036556525, .0001514860994065, .0000912704703339, .0048283424768831, -.0000648933528597, -.000015137602785, -.0004756432274821, 2.80699207364e-06, 2.71571857272e-07, 3.49091462334e-06, -2.36375341487e-08, 9.39148019812e-09, 3.28443953232e-07
-.0010250637224539, .0003604587738064, -.0020366634939163, -.0003978340268607, .0000104420667655, .0000498922504864, .0000216584615126, -1.49460606389e-06, 4.64688334167e-06, -3.09714646953e-07, 2.94306087730e-08, -1.80052101978e-07, .0001177358971997, -.0000312464240236, .000160554143239, .0000378149190185, -1.10500190704e-06, -5.76960646335e-06, -2.16201746661e-06, 1.41408023579e-07, -3.01369811652e-07, 3.22032305404e-08, -2.73058283153e-09, 1.26680457078e-08, -.0000201922186673, -5.85775680798e-06, .0000344230056295, 3.46722452212e-06, 4.16564591225e-07, -1.68045409947e-06, -1.33453944696e-07, -9.41229554227e-09, 1.00953944447e-08, 1.42767350078e-09, 4.95493934248e-11, 1.04881846585e-09
.0000123938957926, -.0000357957238299, -.0019378304823239, .0000161786202888, -.0000281355492018, -.0002609109144545, -1.26806368053e-06, 1.84740429401e-06, .0000246774672365, 2.20045493655e-08, -3.28598681064e-08, -5.05648872163e-07, -5.78687679256e-07, 5.91332123643e-06, .00019004352224, -1.10500190704e-06, 2.82167345294e-06, .0000266810877499, 1.37113605039e-07, -1.80118029234e-07, -2.38773726195e-06, -2.94154074642e-09, 3.01770963978e-09, 4.61199369578e-08, -1.06819633243e-06, -3.49202066848e-06, 1.44875656366e-06, -2.38045832324e-07, 2.94750752784e-07, 1.88603391435e-07, 8.98470221190e-09, -1.15935731554e-08, -4.84145167683e-08, -8.50278694016e-12, 2.05442063518e-10, 1.84375955999e-09
-.0010167178017997, -.0015733311120794, -.0614757467315737, .0000772554548331, -.0002595372332282, -.0111537163942766, -.0000211463274904, .0000217046161745, .0009280480190088, 5.11377442972e-07, -4.38344446247e-07, -.0000179175747576, .0000478126553276, .0001420359283176, .0061411798732663, -5.76960646335e-06, .0000266810877499, .0011278096180722, 2.28256383580e-06, -2.10813714625e-06, -.000090818255194, -5.86685170502e-08, 3.94179693585e-08, 1.68454219111e-06, .0000359374573807, .0000112397911671, -.0000204104759326, -4.42964314677e-06, -3.12565726514e-07, .0000184312963605, 2.18423272351e-07, -2.17361706109e-08, -2.00355163350e-06, -2.75753934902e-09, 1.43740205466e-09, 5.84959016660e-08
.0001477382046506, -8.71417820770e-06, 5.16462092757e-06, .0000226044423819, -1.33425228897e-06, -.0000228234455416, -2.01870393063e-06, 1.01501919734e-07, 1.22511340446e-06, 3.87505096254e-08, -1.90945283323e-09, -1.64098163994e-08, -.0000149959473091, 9.22900937036e-07, 1.15956821624e-06, -2.16201746661e-06, 1.37113605039e-07, 2.28256383580e-06, 1.98094927398e-07, -1.03972922535e-08, -1.28954124752e-07, -3.80932889520e-09, 1.77706884043e-10, 1.73002651618e-09, 5.13058658958e-07, -6.94979600906e-09, -1.44386426473e-06, -1.57654698252e-07, 2.41914245655e-09, 2.21157391046e-07, 9.16236638022e-09, -9.71653531374e-11, -8.99593047017e-09, -1.58460414679e-10, 6.17372457289e-12, 1.21895841279e-10
2.68505290638e-06, 7.95042070379e-06, .0001867570593034, -1.77480710536e-06, 1.78953632080e-06, .0000205867581117, 9.65718281287e-08, -1.39232574490e-07, -2.07602186677e-06, -1.29615863403e-09, 2.65545990394e-09, 4.30433104346e-08, -2.32163657590e-07, -8.76554280077e-07, -.0000182960513962, 1.41408023579e-07, -1.80118029234e-07, -2.10813714625e-06, -1.03972922535e-08, 1.35032260036e-08, 2.00563472071e-07, 1.83716222451e-10, -2.43706234912e-10, -3.94537310342e-09, -1.94693452106e-08, 1.41545305173e-07, -2.48461279163e-07, 2.83614590278e-08, -1.33868143081e-08, 7.23172259432e-09, -1.10770377229e-09, 6.39378222490e-10, 3.29100512168e-09, 6.01524507677e-12, -1.35255577111e-11, -1.42006072475e-10
.0001344965478158, .0001772208612467, .0069698904572028, -4.38123291260e-07, .0000229580857859, .0008925707429182, 1.10244241173e-06, -2.08402847171e-06, -.0000831666891536, -2.74153094640e-08, 4.32586049424e-08, 1.66860829639e-06, -9.44627993375e-06, -.0000166321737804, -.0006818195080846, -3.01369811652e-07, -2.38773726195e-06, -.000090818255194, -1.28954124752e-07, 2.00563472071e-07, 8.07181813484e-06, 3.70020221760e-09, -3.83472503967e-09, -1.54899508871e-07, -2.47598147342e-06, -6.38508516161e-07, -.0000116546641892, 4.96654657375e-07, 4.18824415342e-08, 1.83397393320e-07, -2.28298296112e-08, 1.43416412947e-09, 1.23244734098e-07, 2.24538186440e-10, -1.37191072301e-10, -4.95066646783e-09
-3.15431364058e-06, 9.73563613013e-09, 1.28355943285e-06, -3.34936481751e-07, 2.86930260110e-08, 5.88453403637e-07, 3.90612181673e-08, -1.72924484491e-09, -3.65345853623e-08, -8.24507995768e-10, 3.09533634417e-11, 5.67546242785e-10, 3.11700387983e-07, -5.20617806404e-09, -1.42876367972e-07, 3.22032305404e-08, -2.94154074642e-09, -5.86685170502e-08, -3.80932889520e-09, 1.83716222451e-10, 3.70020221760e-09, 7.98448072552e-11, -2.85619079805e-12, -5.49485050548e-11, -8.39662366196e-10, 3.77370416008e-09, 1.45181439122e-08, 1.92788405787e-09, -3.03584079632e-10, -4.32590560647e-09, -1.55934928312e-10, 7.71828545362e-12, 2.17659509837e-10, 3.29835401957e-12, -1.84881914864e-13, -3.83334636572e-12
-7.36636803560e-08, -1.71697249036e-07, -3.68709073482e-06, 3.35827511869e-08, -2.99213577908e-08, -3.85173001886e-07, -1.64373285595e-09, 2.51552253038e-09, 3.96858843064e-08, 1.87764688179e-11, -4.96636061597e-11, -8.26956849621e-10, 6.15452545135e-09, 1.81090748555e-08, 3.61404258924e-07, -2.73058283153e-09, 3.01770963978e-09, 3.94179693585e-08, 1.77706884043e-10, -2.43706234912e-10, -3.83472503967e-09, -2.85619079805e-12, 4.55841653807e-12, 7.60089200151e-11, 9.71720208409e-10, -1.84048503914e-09, 5.35387528524e-09, -5.71513617472e-10, 1.88106282274e-10, -2.46186103167e-10, 2.25360144654e-11, -1.00779315056e-11, -5.84224018685e-11, -1.36705583244e-13, 2.34278028925e-13, 2.62323061376e-12
-3.14560704765e-06, -3.61511052889e-06, -.0001416423699933, -5.00853422784e-08, -4.41888838429e-07, -.0000165134935998, -1.33731259479e-08, 4.11146290726e-08, 1.59980398235e-06, 3.43727536460e-10, -8.60699467766e-10, -3.25228430670e-08, 2.42070926623e-07, 3.42263412568e-07, .0000138036556525, 1.26680457078e-08, 4.61199369578e-08, 1.68454219111e-06, 1.73002651618e-09, -3.94537310342e-09, -1.54899508871e-07, -5.49485050548e-11, 7.60089200151e-11, 3.00787031615e-09, 4.33513649716e-08, 9.49419648045e-09, 2.91705742584e-07, -1.01067186319e-08, -8.35588608642e-10, -1.44917422774e-08, 4.49153930887e-10, -2.70892437848e-11, -2.01402921995e-09, -3.89014386395e-12, 2.73287292428e-12, 9.33703357558e-11
-.0009541985656482, -.0004199872609678, -.0013498870648283, .0002182299021476, .0000122202557964, -.0003423410179883, -4.04388007267e-06, 4.30450417192e-07, .0000254066252433, -3.52083797430e-08, -1.54734329133e-08, -4.61759071453e-07, .0000489804087391, .0000299702141248, .0001514860994065, -.0000201922186673, -1.06819633243e-06, .0000359374573807, 5.13058658958e-07, -1.94693452106e-08, -2.47598147342e-06, -8.39662366196e-10, 9.71720208409e-10, 4.33513649716e-08, .0000451678020221, .0000130169084292, -8.31397206404e-06, -4.02835481257e-06, -9.61337338933e-07, -1.36239991922e-06, 8.41321571649e-08, 2.17674001919e-08, 3.57643370207e-08, 1.50045205193e-10, -1.24825222983e-10, 1.97238145444e-10
-.0003018584616733, -.00034496349206, -.00098746666898, .0000530661309166, .0000347175126145, -.0001033917178855, 1.43650899511e-07, -1.34410781743e-06, 6.57555625869e-06, -3.63495883363e-08, 1.94587387397e-08, -8.54157388316e-08, .0000169225554754, .0000216940122316, .0000912704703339, -5.85775680798e-06, -3.49202066848e-06, .0000112397911671, -6.94979600906e-09, 1.41545305173e-07, -6.38508516161e-07, 3.77370416008e-09, -1.84048503914e-09, 9.49419648045e-09, .0000130169084292, .0000163355292055, .0000166103969745, -9.24128467739e-07, -1.13350907630e-06, -2.71310351329e-06, 2.95762418229e-08, 3.23654586993e-08, 9.58135463373e-08, -3.24739446709e-10, -3.96572559679e-10, -1.50242168451e-09
-.0009294358106133, -.0011498609369618, -.0582723753887577, -.0003245977459184, -5.35168578578e-06, .0004597477957041, .0000164907929948, 3.32188886406e-06, .0001505587900224, -2.15519817865e-07, -8.53656509712e-08, -4.04281032520e-06, .0000875329432607, .0001012878021439, .0048283424768831, .0000344230056295, 1.44875656366e-06, -.0000204104759326, -1.44386426473e-06, -2.48461279163e-07, -.0000116546641892, 1.45181439122e-08, 5.35387528524e-09, 2.91705742584e-07, -8.31397206404e-06, .0000166103969745, .0009305368753114, -1.02125739607e-06, -2.23575846404e-06, -.0000943780130972, 1.02946104701e-09, 6.57660916314e-08, 2.52927450045e-06, 1.03165115383e-09, -2.82669531608e-10, -1.11665640567e-08
.0000630470097751, .0000726069633593, .0006578057643854, -.0000390735407142, 1.89855478542e-06, .0000372848798596, 1.46629580601e-06, -3.22531737203e-07, -5.32193538121e-06, -1.21843174594e-08, 7.17017490040e-09, 1.17473140653e-07, -2.92036942996e-06, -6.33218395991e-06, -.0000648933528597, 3.46722452212e-06, -2.38045832324e-07, -4.42964314677e-06, -1.57654698252e-07, 2.83614590278e-08, 4.96654657375e-07, 1.92788405787e-09, -5.71513617472e-10, -1.01067186319e-08, -4.02835481257e-06, -9.24128467739e-07, -1.02125739607e-06, 7.62556271395e-07, 1.10660488883e-07, 8.60227154200e-07, -2.74719584960e-08, -3.02985765082e-09, -2.63376294077e-08, 2.17652982237e-10, 1.08770912576e-11, 2.51048209326e-11
.0000305927817341, .000025462061977, .0001661004446575, -4.05691201996e-06, -3.07667528559e-06, 7.38352993894e-07, -3.83262222215e-08, 1.25560059003e-07, -5.08855516805e-07, 3.39613686939e-09, -1.77093446700e-09, 1.07878152327e-08, -2.14057589503e-06, -1.66845674053e-06, -.000015137602785, 4.16564591225e-07, 2.94750752784e-07, -3.12565726514e-07, 2.41914245655e-09, -1.33868143081e-08, 4.18824415342e-08, -3.03584079632e-10, 1.88106282274e-10, -8.35588608642e-10, -9.61337338933e-07, -1.13350907630e-06, -2.23575846404e-06, 1.10660488883e-07, 1.01104909372e-07, 5.42149386606e-07, -3.95799005611e-09, -3.31100098705e-09, -2.07672646672e-08, 4.12874453290e-11, 4.05649812659e-11, 2.53722512294e-10
.0003228999870756, .0001881865337658, .0055703592695957, 9.86282177070e-06, -4.57332214936e-06, -.0002546784293696, -2.63911932837e-06, -2.38713109351e-07, -5.66909201413e-06, 6.07352913965e-08, 8.41995778048e-09, 2.94887734626e-07, -.000029319875903, -.0000160708126191, -.0004756432274821, -1.68045409947e-06, 1.88603391435e-07, .0000184312963605, 2.21157391046e-07, 7.23172259432e-09, 1.83397393320e-07, -4.32590560647e-09, -2.46186103167e-10, -1.44917422774e-08, -1.36239991922e-06, -2.71310351329e-06, -.0000943780130972, 8.60227154200e-07, 5.42149386606e-07, .0000170280732105, -2.37207246206e-08, -1.86547929208e-08, -6.14140209323e-07, -1.62319935045e-11, 1.58356781575e-10, 5.72857164216e-09
1.96855637680e-06, -2.57549353638e-06, -.0000281698063099, 1.47045245751e-06, -7.48732790146e-08, -1.96221929104e-06, -9.15511158570e-08, 1.19557049780e-08, 2.40898825883e-07, 1.43123235993e-09, -2.68918340435e-10, -5.10414276065e-09, -2.33603127137e-07, 2.34603156873e-07, 2.80699207364e-06, -1.33453944696e-07, 8.98470221190e-09, 2.18423272351e-07, 9.16236638022e-09, -1.10770377229e-09, -2.28298296112e-08, -1.55934928312e-10, 2.25360144654e-11, 4.49153930887e-10, 8.41321571649e-08, 2.95762418229e-08, 1.02946104701e-09, -2.74719584960e-08, -3.95799005611e-09, -2.37207246206e-08, 1.33162811984e-09, 1.35491881144e-10, 6.66139643873e-10, -1.70983707662e-11, -9.34231039728e-13, 3.24156109450e-12
-6.95867863148e-07, -5.32599389293e-07, -3.09429660967e-06, 8.51612262097e-08, 1.20790651042e-07, 2.91073859521e-07, 1.05809046836e-09, -6.27288808958e-09, -1.22844628166e-08, -7.21437915835e-11, 1.00918423190e-10, 2.32583989320e-10, 5.13515983188e-08, 3.01179345548e-08, 2.71571857272e-07, -9.41229554227e-09, -1.15935731554e-08, -2.17361706109e-08, -9.71653531374e-11, 6.39378222490e-10, 1.43416412947e-09, 7.71828545362e-12, -1.00779315056e-11, -2.70892437848e-11, 2.17674001919e-08, 3.23654586993e-08, 6.57660916314e-08, -3.02985765082e-09, -3.31100098705e-09, -1.86547929208e-08, 1.35491881144e-10, 1.22534282322e-10, 7.99423027359e-10, -1.95114579624e-12, -1.66861954775e-12, -1.14622623499e-11
-9.97088010251e-06, -3.55159536421e-06, -.0000513091477343, 7.64988218850e-08, 5.70351984541e-07, .0000224711286159, 1.01663620638e-07, -2.84235903447e-08, -1.16203987783e-06, -2.60527530581e-09, 4.59477753879e-10, 1.73498268340e-08, 9.34085397546e-07, 2.65970902045e-07, 3.49091462334e-06, 1.00953944447e-08, -4.84145167683e-08, -2.00355163350e-06, -8.99593047017e-09, 3.29100512168e-09, 1.23244734098e-07, 2.17659509837e-10, -5.84224018685e-11, -2.01402921995e-09, 3.57643370207e-08, 9.58135463373e-08, 2.52927450045e-06, -2.63376294077e-08, -2.07672646672e-08, -6.14140209323e-07, 6.66139643873e-10, 7.99423027359e-10, 2.62473555213e-08, 7.00871255799e-13, -9.74038347597e-12, -3.36184597219e-10
-1.06975789503e-07, 1.92214121732e-08, 2.26955671891e-07, -1.45999472363e-08, 4.30837367383e-11, 2.71002294986e-08, 1.66862281019e-09, -5.49398863742e-11, -2.29161984928e-09, -3.52960937879e-11, 1.39870669057e-12, 4.13450839219e-11, 9.63305641041e-09, -1.84089533224e-09, -2.36375341487e-08, 1.42767350078e-09, -8.50278694016e-12, -2.75753934902e-09, -1.58460414679e-10, 6.01524507677e-12, 2.24538186440e-10, 3.29835401957e-12, -1.36705583244e-13, -3.89014386395e-12, 1.50045205193e-10, -3.24739446709e-10, 1.03165115383e-09, 2.17652982237e-10, 4.12874453290e-11, -1.62319935045e-11, -1.70983707662e-11, -1.95114579624e-12, 7.00871255799e-13, 3.32261868827e-13, 2.52721676560e-14, -4.19851185878e-14
4.45201872992e-09, 5.88356199254e-10, -9.53721040509e-08, -1.20462636986e-10, -2.07275686409e-09, -1.46112350692e-08, -5.34065864677e-11, 1.37642824311e-10, 1.40707791456e-09, 1.24541731642e-12, -2.53655529347e-12, -2.98676968666e-11, -3.95523149218e-10, 1.91182854788e-10, 9.39148019812e-09, 4.95493934248e-11, 2.05442063518e-10, 1.43740205466e-09, 6.17372457289e-12, -1.35255577111e-11, -1.37191072301e-10, -1.84881914864e-13, 2.34278028925e-13, 2.73287292428e-12, -1.24825222983e-10, -3.96572559679e-10, -2.82669531608e-10, 1.08770912576e-11, 4.05649812659e-11, 1.58356781575e-10, -9.34231039728e-13, -1.66861954775e-12, -9.74038347597e-12, 2.52721676560e-14, 2.73860753337e-14, 2.17147384162e-13
3.14871824919e-08, -5.11710349907e-08, -3.33044622861e-06, -9.22296835487e-09, -1.87085587058e-08, -5.99383636202e-07, -1.21462673601e-09, 1.42579844573e-09, 5.04968305402e-08, 3.52236420046e-11, -2.81666737747e-11, -9.85405258437e-10, -3.94363418914e-09, 6.04557738543e-09, 3.28443953232e-07, 1.04881846585e-09, 1.84375955999e-09, 5.84959016660e-08, 1.21895841279e-10, -1.42006072475e-10, -4.95066646783e-09, -3.83334636572e-12, 2.62323061376e-12, 9.33703357558e-11, 1.97238145444e-10, -1.50242168451e-09, -1.11665640567e-08, 2.51048209326e-11, 2.53722512294e-10, 5.72857164216e-09, 3.24156109450e-12, -1.14622623499e-11, -3.36184597219e-10, -4.19851185878e-14, 2.17147384162e-13, 6.50563115162e-12
residvcv
479617.0506500895
