---
oneline: Age‑specific interacted (Spec 2) response – GMFD-Rerun
version: MORTALITY-AGE-SPEC-INTERACTED-GMFD-CAR
dependencies: agespec_interaction_response_car.ster
description: 4th-order poly OLS; age×ADM2 & age×Country×Year FE; temp×income & temp×LR‑temp interactions
csvv-version: aliabonanno-2025-07-28
variables:
  tavg_poly_1: T1_sum [C]
  tavg_poly_2: T2_sum [C^2]
  tavg_poly_3: T3_sum [C^3]
  tavg_poly_4: T4_sum [C^4]
  lr_tavg: long‑run mean annual temperature [C]
  deathrate_w99: mortality rate winsorized at 99th percentile
  loggdppc_adm1_avg: log GDP per capita
...
observations
 406592
prednames
tavg_poly_1, tavg_poly_2, tavg_poly_3, tavg_poly_4
covarnames
1, lr_tavg, loggdppc_adm1_avg
gamma
-.5305944096065156, -.2921836643455856, -2.067863536888062, .032498314811276, .0120435803285376, .1618667393294024, .0012868838756308, .0009353915178922, .0049737849575464, -.0000386397384481, -.000023589813562, -.000134016094998
.0375289048287217, .024391257050955, .1436631047958896, -.0043585787355767, -.001348492272135, -.0181129035779635, -.0001209468580662, -.0000834195012706, -.0003747347939625, 5.20092306924e-06, 2.45030418023e-06, .0000142150620223
.0292228230192858, .0072609703618277, .0813425726737928, .0002961473033941, -1.20863464563e-06, .000577587555414, -.000059637984012, -.0000188964394286, -.0002742059584278, 8.59769482157e-07, 3.36443739470e-07, 5.12111630385e-06
gammavcv
.3242763575216098, .0461357775999703, .5184696405381841, .0075353733192215, .0010160549381941, .0095722530559112, -.0016049027091839, -.000271764624934, -.0036018809437112, .0000337270971005, 5.86491079234e-06, .00008495506311, -.0301910569253919, -.0044127237040128, -.0488760161985483, -.0007053901145552, -.0000951064975215, -.0008057178625379, .0001503538728497, .0000256286097777, .0003368298382169, -3.19952618406e-06, -5.60807018236e-07, -8.04859522785e-06, -.0024251262551904, -.0002556778210538, -.0039458366465951, -.0000199851274674, -1.29043592580e-06, -.000177120856545, 9.52826720162e-06, 1.55182367880e-06, .0000317479094353, -1.97503211341e-07, -3.37849371732e-08, -6.88275120395e-07
.0461357775999703, .0311583363904038, .2189978314228681, .0004879012738136, .0002527049208107, -.001594304923361, -.0002650238413399, -.0001366208724694, -.0009767158510896, 6.11831059229e-06, 3.16382513139e-06, .0000253312286963, -.0043660155048456, -.0028925423898559, -.0200515817713965, -.0000304591704, -.0000251489742639, .0001682010541081, .0000247512796069, .0000127474188508, .0000906745598528, -5.93100735046e-07, -2.97837354795e-07, -2.39303610168e-06, -.0002671262535944, -.0002209637516294, -.00180243303017, -.0000219687235311, 1.70248728640e-06, -.0000181397054231, 2.45572499645e-06, 7.79620153627e-07, 8.34075978630e-06, -4.32663347191e-08, -1.84622631795e-08, -1.89172752678e-07
.5184696405381841, .2189978314228681, 4.570023484835994, .0171399141639911, .002905609826973, .0907005499616193, -.0025003955658935, -.000884217979296, -.0198076759940365, .0000520307951594, .0000197175114785, .0004379629537045, -.0505420096316499, -.0204345215290319, -.4276155276474238, -.0018751771297566, -.0003160085295704, -.0089986436760013, .0002344795239426, .0000836795435721, .0018704593345381, -4.69857858480e-06, -1.82790970400e-06, -.0000407109641217, -.0006403233911375, -.0013351841478738, -.0348484111181494, .0001408690433242, .0000510382289688, -.00015833944712, 5.58732893694e-06, 2.19888852183e-06, .0001176503468333, -2.34536924831e-07, -8.22376867641e-08, -2.91260598945e-06
.0075353733192215, .0004879012738136, .0171399141639911, .0013594799699105, .0001743278162446, .0021867208349101, -.0000436056025445, -3.05164070890e-06, -.0001319178031156, 9.21928916829e-08, -6.20555812812e-08, 1.64208643271e-06, -.000768814441692, -.0000583302052933, -.0019077273609934, -.0001234575541037, -.000014305806471, -.0001964009157661, 4.23118372440e-06, 3.48988540087e-07, .0000132471401196, -1.85758887224e-08, 2.38855337317e-09, -1.82606600958e-07, -.0000161142571447, -5.76285452732e-06, .0002283942029162, -.0000131073019741, -2.61494574838e-06, -.0000175213495747, 3.82433027640e-07, 4.68181610979e-08, 2.93366732943e-08, 5.72736345807e-10, 8.80648407872e-10, 1.11460830265e-08
.0010160549381941, .0002527049208107, .002905609826973, .0001743278162446, .0000777934372162, .0007903999519444, -6.45358426057e-06, -3.21956571472e-06, -.0000337765942548, 4.95947127554e-08, 3.56888484335e-08, 3.44999065389e-07, -.000107352318047, -.000031583354229, -.0003584369591281, -.0000146685265558, -6.78632966872e-06, -.0000720923193611, 6.30271716059e-07, 3.16658245592e-07, 3.31065291572e-06, -7.12762908897e-09, -4.10788279836e-09, -3.65923402689e-08, 4.72896987493e-06, 4.28930283681e-06, .0000561928591871, -2.92718171056e-06, -1.27998508509e-06, -.0000104089400665, 8.21666482635e-08, 3.96341176549e-08, 2.79642589528e-07, -9.81595730488e-11, -2.59956823250e-10, -1.18209751968e-09
.0095722530559112, -.001594304923361, .0907005499616193, .0021867208349101, .0007903999519444, .0188689333990958, -7.67420376023e-06, -6.89535036338e-06, -.0008319830657079, -1.26466035264e-06, -2.79261570813e-07, 8.78386086777e-06, -.0010674089450873, .0000233967666158, -.0104084860405521, -.0002055523950474, -.0000703496955481, -.0017452370275569, 9.81149850899e-07, 9.51391026655e-07, .0000821843791087, 1.09497865264e-07, 1.85921229411e-08, -9.15046093469e-07, .0000872108116706, .0000947079310885, .0006801743381647, -.00001158600218, -.0000110421154443, -.0002001394722998, -2.96003575105e-07, 5.53603338469e-08, 5.61167595675e-06, 1.56197888240e-08, 3.97802579365e-09, -2.96846256683e-08
-.0016049027091839, -.0002650238413399, -.0025003955658935, -.0000436056025445, -6.45358426057e-06, -7.67420376023e-06, 9.27393812849e-06, 1.76632249257e-06, .0000179086618917, -1.98247579061e-07, -3.88180849569e-08, -4.42173591483e-07, .0001500199057239, .0000252813617886, .0002296930785178, 3.85635574440e-06, 5.64071359394e-07, -1.46421188616e-07, -8.69972883315e-07, -1.66162876356e-07, -1.66094728751e-06, 1.89813518503e-08, 3.72717680951e-09, 4.21176043715e-08, .0000112815603883, 1.27730848406e-06, .0000237368053826, 4.62082807592e-07, 7.26779148873e-08, 9.24380195013e-07, -6.76111237366e-08, -1.25319919680e-08, -1.77054440429e-07, 1.28549086494e-09, 2.49883277708e-10, 3.72347685104e-09
-.000271764624934, -.0001366208724694, -.000884217979296, -3.05164070890e-06, -3.21956571472e-06, -6.89535036338e-06, 1.76632249257e-06, 8.38341436897e-07, 5.76745399698e-06, -4.16470247718e-08, -1.89753833801e-08, -1.41641436056e-07, .0000254461356783, .0000130977942767, .0000831006463995, 1.06851853688e-07, 2.88398203554e-07, 2.98450323697e-07, -1.65319788688e-07, -7.88689352066e-08, -5.38561291678e-07, 4.09010163620e-09, 1.81251891841e-09, 1.36715001030e-08, 1.66817863493e-06, 5.03269023217e-07, 6.48431323568e-06, 2.10491555847e-07, 4.21437298215e-08, 5.30451316021e-07, -1.81084071984e-08, -5.81117867003e-09, -6.02978429967e-08, 3.00238300491e-10, 1.17252104753e-10, 1.14669943756e-09
-.0036018809437112, -.0009767158510896, -.0198076759940365, -.0001319178031156, -.0000337765942548, -.0008319830657079, .0000179086618917, 5.76745399698e-06, .0001262803339862, -3.56534147080e-07, -1.21856800785e-07, -2.74102045285e-06, .0003366407938426, .0000950069207407, .0019255408082654, .0000131216976005, 3.21117312652e-06, .0000797343786169, -1.64447220403e-06, -5.48056369269e-07, -.0000119643559011, 3.25234085336e-08, 1.15797003718e-08, 2.55879687610e-07, .0000235453209411, 4.04722436994e-06, .000087609440205, 3.78438093616e-07, 1.80734875666e-07, 7.39394699089e-06, -1.23627064846e-07, -3.17925772598e-08, -8.98681263804e-07, 2.61502275465e-09, 6.74105336675e-10, 2.00757959119e-08
.0000337270971005, 6.11831059229e-06, .0000520307951594, 9.21928916829e-08, 4.95947127554e-08, -1.26466035264e-06, -1.98247579061e-07, -4.16470247718e-08, -3.56534147080e-07, 4.93076232052e-09, 1.01254072480e-09, 1.00398316566e-08, -3.11607737276e-06, -5.78298103415e-07, -4.57985309463e-06, -6.24876637412e-09, -5.01374711781e-09, 1.32998052812e-07, 1.85035635432e-08, 3.87618679912e-09, 3.23948958242e-08, -4.64061664222e-10, -9.46440849460e-11, -9.38271435708e-10, -2.46127683819e-07, -2.22585564669e-08, -7.21230991464e-07, -2.26782471749e-09, -3.51011892715e-10, -1.12229050890e-08, 1.39166248719e-09, 2.83552789497e-10, 4.29067047570e-09, -3.28040818228e-11, -6.88935543474e-12, -9.84152811895e-11
5.86491079234e-06, 3.16382513139e-06, .0000197175114785, -6.20555812812e-08, 3.56888484335e-08, -2.79261570813e-07, -3.88180849569e-08, -1.89753833801e-08, -1.21856800785e-07, 1.01254072480e-09, 4.56134802709e-10, 3.33013520775e-09, -5.42687034819e-07, -2.99961303848e-07, -1.80498264825e-06, 9.44016339548e-09, -3.34269086005e-09, 3.34510149818e-08, 3.62211557588e-09, 1.77605955466e-09, 1.12692811475e-08, -9.81652651699e-11, -4.30373414038e-11, -3.18664385549e-10, -3.94865913646e-08, -1.29103095228e-08, -1.90640380057e-07, -3.43101200233e-09, -3.83048520173e-10, -7.73886839144e-09, 3.88352894611e-10, 1.23649437428e-10, 1.35406563474e-09, -7.28345822177e-12, -2.84529914533e-12, -2.83685344012e-11
.00008495506311, .0000253312286963, .0004379629537045, 1.64208643271e-06, 3.44999065389e-07, 8.78386086777e-06, -4.42173591483e-07, -1.41641436056e-07, -2.74102045285e-06, 1.00398316566e-08, 3.33013520775e-09, 6.79436527062e-08, -7.76243626341e-06, -2.36788439556e-06, -.0000416404921901, -1.73195023506e-07, -3.70154008678e-08, -9.11923888502e-07, 4.01679957946e-08, 1.31714388076e-08, 2.56625380264e-07, -9.08299832756e-10, -3.08383894117e-10, -6.21546226106e-09, -7.12584964471e-07, -1.71184863211e-07, -2.38535019005e-06, -2.04033258193e-09, 2.12690905261e-09, -6.15932957471e-08, 3.45515692076e-09, 8.56253081899e-10, 2.03252595028e-08, -7.94911251022e-11, -2.18819075236e-11, -5.43649273853e-10
-.0301910569253919, -.0043660155048456, -.0505420096316499, -.000768814441692, -.000107352318047, -.0010674089450873, .0001500199057239, .0000254461356783, .0003366407938426, -3.11607737276e-06, -5.42687034819e-07, -7.76243626341e-06, .0028423785793531, .0004229439607807, .0048086275224352, .0000713901187504, 9.94335900324e-06, .0000902794804227, -.0000141369480313, -2.41413708933e-06, -.000031642949356, 2.97881918905e-07, 5.22770517924e-08, 7.43318007357e-07, .0001892606656125, .0000176704064848, .0003424827145749, 2.52431120047e-06, 2.73474354600e-07, .0000165684433919, -8.10818581304e-07, -1.32605883216e-07, -2.76338891895e-06, 1.63238289928e-08, 2.80618146481e-09, 5.75887160737e-08
-.0044127237040128, -.0028925423898559, -.0204345215290319, -.0000583302052933, -.000031583354229, .0000233967666158, .0000252813617886, .0000130977942767, .0000950069207407, -5.78298103415e-07, -2.99961303848e-07, -2.36788439556e-06, .0004229439607807, .0002728556782923, .0019130521768268, 3.97193546543e-06, 3.04448002040e-06, -4.70129135688e-06, -2.37221808123e-06, -1.23110478234e-06, -8.92205578625e-06, 5.63149970240e-08, 2.84639747569e-08, 2.27441859037e-07, .0000176920129158, .0000160826711833, .0001329569148971, 2.14893745950e-06, -1.49706600573e-08, 3.07894623864e-06, -2.17240867775e-07, -7.00872785096e-08, -7.36322085049e-07, 3.74205766868e-09, 1.60755427599e-09, 1.54650483894e-08
-.0488760161985483, -.0200515817713965, -.4276155276474238, -.0019077273609934, -.0003584369591281, -.0104084860405521, .0002296930785178, .0000831006463995, .0019255408082654, -4.57985309463e-06, -1.80498264825e-06, -.0000416404921901, .0048086275224352, .0019130521768268, .0408375455977776, .0002056799598333, .0000373141302054, .0010261926078442, -.0000215124031785, -7.94565630284e-06, -.0001834486745192, 4.12168209910e-07, 1.69929691996e-07, 3.91602886443e-06, -1.91614993030e-06, .0000845733075408, .0023627425168938, -.0000115344080019, -3.65174738343e-06, .0000277489235832, -4.34996515878e-07, -1.54195924136e-07, -9.67001932964e-06, 1.85740757676e-08, 5.74471226462e-09, 2.32708466542e-07
-.0007053901145552, -.0000304591704, -.0018751771297566, -.0001234575541037, -.0000146685265558, -.0002055523950474, 3.85635574440e-06, 1.06851853688e-07, .0000131216976005, -6.24876637412e-09, 9.44016339548e-09, -1.73195023506e-07, .0000713901187504, 3.97193546543e-06, .0002056799598333, .0000115997479496, 1.24139350761e-06, .0000189809295076, -3.69040219363e-07, -1.57206255003e-08, -1.31804108280e-06, 1.00037853361e-09, -6.23902578718e-10, 1.84558089450e-08, 1.14703592530e-06, 4.23311218932e-07, -.0000217652692942, 8.76949248794e-07, 1.68859185864e-07, 1.09661414007e-06, -2.64160480960e-08, -7.27610599222e-10, 1.90060316161e-08, -3.45110637326e-11, -1.25356360530e-10, -1.17399552690e-09
-.0000951064975215, -.0000251489742639, -.0003160085295704, -.000014305806471, -6.78632966872e-06, -.0000703496955481, 5.64071359394e-07, 2.88398203554e-07, 3.21117312652e-06, -5.01374711781e-09, -3.34269086005e-09, -3.70154008678e-08, 9.94335900324e-06, 3.04448002040e-06, .0000373141302054, 1.24139350761e-06, 6.05110060129e-07, 6.54494447154e-06, -5.46140110696e-08, -2.82038373477e-08, -3.13124049443e-07, 6.33490376670e-10, 3.65542049500e-10, 3.69740446408e-09, -5.14957385924e-07, -4.07976567587e-07, -5.14057998147e-06, 2.04855654829e-07, 9.90940235100e-08, 8.11801493344e-07, -5.53137452400e-09, -3.02062908236e-09, -2.16075291700e-08, 2.37056552795e-12, 2.05791430626e-11, 1.19305734383e-10
-.0008057178625379, .0001682010541081, -.0089986436760013, -.0001964009157661, -.0000720923193611, -.0017452370275569, -1.46421188616e-07, 2.98450323697e-07, .0000797343786169, 1.32998052812e-07, 3.34510149818e-08, -9.11923888502e-07, .0000902794804227, -4.70129135688e-06, .0010261926078442, .0000189809295076, 6.54494447154e-06, .0001649956530954, -8.18601952832e-10, -5.32942231347e-08, -7.84824199814e-06, -1.23074375499e-08, -2.59782257598e-09, 8.96811011206e-08, -8.59646410109e-06, -8.68051393045e-06, -.0000824982861467, 6.40595482139e-07, 8.87622922166e-07, .0000154541893552, 4.18383324057e-08, 1.61850111732e-10, -4.08638654149e-07, -1.50328944494e-09, -4.17856453696e-10, 2.74792413273e-09
.0001503538728497, .0000247512796069, .0002344795239426, 4.23118372440e-06, 6.30271716059e-07, 9.81149850899e-07, -8.69972883315e-07, -1.65319788688e-07, -1.64447220403e-06, 1.85035635432e-08, 3.62211557588e-09, 4.01679957946e-08, -.0000141369480313, -2.37221808123e-06, -.0000215124031785, -3.69040219363e-07, -5.46140110696e-08, -8.18601952832e-10, 8.20060936600e-08, 1.55972215782e-08, 1.52688871805e-07, -1.78520156907e-09, -3.49120836154e-10, -3.85063041760e-09, -9.77562918625e-07, -1.04609135866e-07, -2.32036452644e-06, -4.52912974565e-08, -7.21183605219e-09, -8.70652149919e-08, 6.01610643130e-09, 1.13646406124e-09, 1.62241449176e-08, -1.11478102206e-10, -2.24018935589e-11, -3.32583074488e-10
.0000256286097777, .0000127474188508, .0000836795435721, 3.48988540087e-07, 3.16658245592e-07, 9.51391026655e-07, -1.66162876356e-07, -7.88689352066e-08, -5.48056369269e-07, 3.87618679912e-09, 1.77605955466e-09, 1.31714388076e-08, -2.41413708933e-06, -1.23110478234e-06, -7.94565630284e-06, -1.57206255003e-08, -2.82038373477e-08, -5.32942231347e-08, 1.55972215782e-08, 7.44635421178e-09, 5.14534392240e-08, -3.81804037639e-10, -1.70351261332e-10, -1.28296031391e-09, -1.40479880953e-07, -3.88605649525e-08, -5.62608692639e-07, -1.98940114090e-08, -4.16942716675e-09, -5.24007535088e-08, 1.64957546760e-09, 5.28788998150e-10, 5.51082454576e-09, -2.69735351427e-11, -1.05202474097e-11, -1.00724198727e-10
.0003368298382169, .0000906745598528, .0018704593345381, .0000132471401196, 3.31065291572e-06, .0000821843791087, -1.66094728751e-06, -5.38561291678e-07, -.0000119643559011, 3.23948958242e-08, 1.12692811475e-08, 2.56625380264e-07, -.000031642949356, -8.92205578625e-06, -.0001834486745192, -1.31804108280e-06, -3.13124049443e-07, -7.84824199814e-06, 1.52688871805e-07, 5.14534392240e-08, 1.13831391639e-06, -2.95316618799e-09, -1.07851816804e-09, -2.41092723884e-08, -2.00059090108e-06, -2.90677236398e-07, -6.83442492662e-06, -3.59077144165e-08, -1.82005605648e-08, -7.13042946703e-07, 1.10100478643e-08, 2.74495307377e-09, 8.02431886218e-08, -2.31272627635e-10, -5.67194797074e-11, -1.75890080415e-09
-3.19952618406e-06, -5.93100735046e-07, -4.69857858480e-06, -1.85758887224e-08, -7.12762908897e-09, 1.09497865264e-07, 1.89813518503e-08, 4.09010163620e-09, 3.25234085336e-08, -4.64061664222e-10, -9.81652651699e-11, -9.08299832756e-10, 2.97881918905e-07, 5.63149970240e-08, 4.12168209910e-07, 1.00037853361e-09, 6.33490376670e-10, -1.23074375499e-08, -1.78520156907e-09, -3.81804037639e-10, -2.95316618799e-09, 4.45163278222e-11, 9.27598096277e-12, 8.59506623129e-11, 2.21363913731e-08, 1.97845675565e-09, 6.72176134647e-08, 6.04941266597e-10, 1.11827919990e-10, 1.58570483129e-09, -1.33761878693e-10, -2.93291363740e-11, -4.12332425323e-10, 2.85010612184e-12, 6.60118208665e-13, 8.90655829853e-12
-5.60807018236e-07, -2.97837354795e-07, -1.82790970400e-06, 2.38855337317e-09, -4.10788279836e-09, 1.85921229411e-08, 3.72717680951e-09, 1.81251891841e-09, 1.15797003718e-08, -9.46440849460e-11, -4.30373414038e-11, -3.08383894117e-10, 5.22770517924e-08, 2.84639747569e-08, 1.69929691996e-07, -6.23902578718e-10, 3.65542049500e-10, -2.59782257598e-09, -3.49120836154e-10, -1.70351261332e-10, -1.07851816804e-09, 9.27598096277e-12, 4.09803329588e-12, 2.99610898713e-11, 3.49744630731e-09, 1.06690608732e-09, 1.54868646639e-08, 3.92369247657e-10, 5.67595073156e-11, 8.78786470771e-10, -3.77205768059e-11, -1.18987898648e-11, -1.24749867820e-10, 6.62581672018e-13, 2.59098738019e-13, 2.44344777391e-12
-8.04859522785e-06, -2.39303610168e-06, -.0000407109641217, -1.82606600958e-07, -3.65923402689e-08, -9.15046093469e-07, 4.21176043715e-08, 1.36715001030e-08, 2.55879687610e-07, -9.38271435708e-10, -3.18664385549e-10, -6.21546226106e-09, 7.43318007357e-07, 2.27441859037e-07, 3.91602886443e-06, 1.84558089450e-08, 3.69740446408e-09, 8.96811011206e-08, -3.85063041760e-09, -1.28296031391e-09, -2.41092723884e-08, 8.59506623129e-11, 2.99610898713e-11, 5.78818919134e-10, 5.83253126914e-08, 1.27005096358e-08, 1.90167139458e-07, 6.07888089889e-10, -7.05350686614e-11, 8.73451836305e-09, -3.13590442670e-10, -7.65315097494e-11, -1.84201375520e-09, 6.89226908729e-12, 1.86534207117e-12, 4.56461492415e-11
-.0024251262551904, -.0002671262535944, -.0006403233911375, -.0000161142571447, 4.72896987493e-06, .0000872108116706, .0000112815603883, 1.66817863493e-06, .0000235453209411, -2.46127683819e-07, -3.94865913646e-08, -7.12584964471e-07, .0001892606656125, .0000176920129158, -1.91614993030e-06, 1.14703592530e-06, -5.14957385924e-07, -8.59646410109e-06, -9.77562918625e-07, -1.40479880953e-07, -2.00059090108e-06, 2.21363913731e-08, 3.49744630731e-09, 5.83253126914e-08, .0000721091714291, .0000132278572357, .0000764604316265, 4.17091202777e-07, 3.64011876411e-09, 3.09200030488e-06, -1.98605267643e-07, -3.57138104635e-08, -5.66105990773e-07, 3.99116607854e-09, 7.58015679698e-10, 1.43071093152e-08
-.0002556778210538, -.0002209637516294, -.0013351841478738, -5.76285452732e-06, 4.28930283681e-06, .0000947079310885, 1.27730848406e-06, 5.03269023217e-07, 4.04722436994e-06, -2.22585564669e-08, -1.29103095228e-08, -1.71184863211e-07, .0000176704064848, .0000160826711833, .0000845733075408, 4.23311218932e-07, -4.07976567587e-07, -8.68051393045e-06, -1.04609135866e-07, -3.88605649525e-08, -2.90677236398e-07, 1.97845675565e-09, 1.06690608732e-09, 1.27005096358e-08, .0000132278572357, 7.34549896493e-06, .0000478478745462, 2.84855803919e-07, -8.73828216883e-08, -3.17200376965e-07, -4.34146872427e-08, -1.11035825179e-08, -1.35906179052e-07, 7.57729851386e-10, 2.61761381766e-10, 3.96544851342e-09
-.0039458366465951, -.00180243303017, -.0348484111181494, .0002283942029162, .0000561928591871, .0006801743381647, .0000237368053826, 6.48431323568e-06, .000087609440205, -7.21230991464e-07, -1.90640380057e-07, -2.38535019005e-06, .0003424827145749, .0001329569148971, .0023627425168938, -.0000217652692942, -5.14057998147e-06, -.0000824982861467, -2.32036452644e-06, -5.62608692639e-07, -6.83442492662e-06, 6.72176134647e-08, 1.54868646639e-08, 1.90167139458e-07, .0000764604316265, .0000478478745462, .0015210352306492, -3.62124717632e-06, -7.80657195501e-07, 8.98631152784e-06, -9.84587825106e-08, -8.51174649619e-08, -3.41232560993e-06, 5.37822984300e-09, 2.84342488476e-09, 7.67364801058e-08
-.0000199851274674, -.0000219687235311, .0001408690433242, -.0000131073019741, -2.92718171056e-06, -.00001158600218, 4.62082807592e-07, 2.10491555847e-07, 3.78438093616e-07, -2.26782471749e-09, -3.43101200233e-09, -2.04033258193e-09, 2.52431120047e-06, 2.14893745950e-06, -.0000115344080019, 8.76949248794e-07, 2.04855654829e-07, 6.40595482139e-07, -4.52912974565e-08, -1.98940114090e-08, -3.59077144165e-08, 6.04941266597e-10, 3.92369247657e-10, 6.07888089889e-10, 4.17091202777e-07, 2.84855803919e-07, -3.62124717632e-06, 4.90027800819e-07, 1.05679736671e-07, 6.84703056296e-07, -1.78626392725e-08, -4.93706696854e-09, -2.24485950738e-08, 1.11690485961e-10, 5.39014165987e-11, 1.43695853455e-10
-1.29043592580e-06, 1.70248728640e-06, .0000510382289688, -2.61494574838e-06, -1.27998508509e-06, -.0000110421154443, 7.26779148873e-08, 4.21437298215e-08, 1.80734875666e-07, -3.51011892715e-10, -3.83048520173e-10, 2.12690905261e-09, 2.73474354600e-07, -1.49706600573e-08, -3.65174738343e-06, 1.68859185864e-07, 9.90940235100e-08, 8.87622922166e-07, -7.21183605219e-09, -4.16942716675e-09, -1.82005605648e-08, 1.11827919990e-10, 5.67595073156e-11, -7.05350686614e-11, 3.64011876411e-09, -8.73828216883e-08, -7.80657195501e-07, 1.05679736671e-07, 3.99617830169e-08, 3.18221224566e-07, -3.62846099605e-09, -1.42399748590e-09, -1.04314122355e-08, 2.37890155734e-11, 1.30093875657e-11, 7.51602375735e-11
-.000177120856545, -.0000181397054231, -.00015833944712, -.0000175213495747, -.0000104089400665, -.0002001394722998, 9.24380195013e-07, 5.30451316021e-07, 7.39394699089e-06, -1.12229050890e-08, -7.73886839144e-09, -6.15932957471e-08, .0000165684433919, 3.07894623864e-06, .0000277489235832, 1.09661414007e-06, 8.11801493344e-07, .0000154541893552, -8.70652149919e-08, -5.24007535088e-08, -7.13042946703e-07, 1.58570483129e-09, 8.78786470771e-10, 8.73451836305e-09, 3.09200030488e-06, -3.17200376965e-07, 8.98631152784e-06, 6.84703056296e-07, 3.18221224566e-07, 6.33205481851e-06, -2.92516949589e-08, -1.21813132023e-08, -2.62745726931e-07, 2.53574829764e-10, 1.31581431828e-10, 2.65226465858e-09
9.52826720162e-06, 2.45572499645e-06, 5.58732893694e-06, 3.82433027640e-07, 8.21666482635e-08, -2.96003575105e-07, -6.76111237366e-08, -1.81084071984e-08, -1.23627064846e-07, 1.39166248719e-09, 3.88352894611e-10, 3.45515692076e-09, -8.10818581304e-07, -2.17240867775e-07, -4.34996515878e-07, -2.64160480960e-08, -5.53137452400e-09, 4.18383324057e-08, 6.01610643130e-09, 1.64957546760e-09, 1.10100478643e-08, -1.33761878693e-10, -3.77205768059e-11, -3.13590442670e-10, -1.98605267643e-07, -4.34146872427e-08, -9.84587825106e-08, -1.78626392725e-08, -3.62846099605e-09, -2.92516949589e-08, 1.44106219332e-09, 3.11690225452e-10, 2.61242040509e-09, -2.30525737197e-11, -5.15116287626e-12, -5.31877575830e-11
1.55182367880e-06, 7.79620153627e-07, 2.19888852183e-06, 4.68181610979e-08, 3.96341176549e-08, 5.53603338469e-08, -1.25319919680e-08, -5.81117867003e-09, -3.17925772598e-08, 2.83552789497e-10, 1.23649437428e-10, 8.56253081899e-10, -1.32605883216e-07, -7.00872785096e-08, -1.54195924136e-07, -7.27610599222e-10, -3.02062908236e-09, 1.61850111732e-10, 1.13646406124e-09, 5.28788998150e-10, 2.74495307377e-09, -2.93291363740e-11, -1.18987898648e-11, -7.65315097494e-11, -3.57138104635e-08, -1.11035825179e-08, -8.51174649619e-08, -4.93706696854e-09, -1.42399748590e-09, -1.21813132023e-08, 3.11690225452e-10, 1.04445734250e-10, 9.56215194915e-10, -4.37552153786e-12, -1.71206463658e-12, -1.80629533769e-11
.0000317479094353, 8.34075978630e-06, .0001176503468333, 2.93366732943e-08, 2.79642589528e-07, 5.61167595675e-06, -1.77054440429e-07, -6.02978429967e-08, -8.98681263804e-07, 4.29067047570e-09, 1.35406563474e-09, 2.03252595028e-08, -2.76338891895e-06, -7.36322085049e-07, -9.67001932964e-06, 1.90060316161e-08, -2.16075291700e-08, -4.08638654149e-07, 1.62241449176e-08, 5.51082454576e-09, 8.02431886218e-08, -4.12332425323e-10, -1.24749867820e-10, -1.84201375520e-09, -5.66105990773e-07, -1.35906179052e-07, -3.41232560993e-06, -2.24485950738e-08, -1.04314122355e-08, -2.62745726931e-07, 2.61242040509e-09, 9.56215194915e-10, 2.22014654803e-08, -4.80095813917e-11, -1.83617663666e-11, -4.16955743690e-10
-1.97503211341e-07, -4.32663347191e-08, -2.34536924831e-07, 5.72736345807e-10, -9.81595730488e-11, 1.56197888240e-08, 1.28549086494e-09, 3.00238300491e-10, 2.61502275465e-09, -3.28040818228e-11, -7.28345822177e-12, -7.94911251022e-11, 1.63238289928e-08, 3.74205766868e-09, 1.85740757676e-08, -3.45110637326e-11, 2.37056552795e-12, -1.50328944494e-09, -1.11478102206e-10, -2.69735351427e-11, -2.31272627635e-10, 2.85010612184e-12, 6.62581672018e-13, 6.89226908729e-12, 3.99116607854e-09, 7.57729851386e-10, 5.37822984300e-09, 1.11690485961e-10, 2.37890155734e-11, 2.53574829764e-10, -2.30525737197e-11, -4.37552153786e-12, -4.80095813917e-11, 5.05894751467e-13, 9.25262503598e-14, 1.19346516111e-12
-3.37849371732e-08, -1.84622631795e-08, -8.22376867641e-08, 8.80648407872e-10, -2.59956823250e-10, 3.97802579365e-09, 2.49883277708e-10, 1.17252104753e-10, 6.74105336675e-10, -6.88935543474e-12, -2.84529914533e-12, -2.18819075236e-11, 2.80618146481e-09, 1.60755427599e-09, 5.74471226462e-09, -1.25356360530e-10, 2.05791430626e-11, -4.17856453696e-10, -2.24018935589e-11, -1.05202474097e-11, -5.67194797074e-11, 6.60118208665e-13, 2.59098738019e-13, 1.86534207117e-12, 7.58015679698e-10, 2.61761381766e-10, 2.84342488476e-09, 5.39014165987e-11, 1.30093875657e-11, 1.31581431828e-10, -5.15116287626e-12, -1.71206463658e-12, -1.83617663666e-11, 9.25262503598e-14, 3.52367157559e-14, 4.21063158636e-13
-6.88275120395e-07, -1.89172752678e-07, -2.91260598945e-06, 1.11460830265e-08, -1.18209751968e-09, -2.96846256683e-08, 3.72347685104e-09, 1.14669943756e-09, 2.00757959119e-08, -9.84152811895e-11, -2.83685344012e-11, -5.43649273853e-10, 5.75887160737e-08, 1.54650483894e-08, 2.32708466542e-07, -1.17399552690e-09, 1.19305734383e-10, 2.74792413273e-09, -3.32583074488e-10, -1.00724198727e-10, -1.75890080415e-09, 8.90655829853e-12, 2.44344777391e-12, 4.56461492415e-11, 1.43071093152e-08, 3.96544851342e-09, 7.67364801058e-08, 1.43695853455e-10, 7.51602375735e-11, 2.65226465858e-09, -5.31877575830e-11, -1.80629533769e-11, -4.16955743690e-10, 1.19346516111e-12, 4.21063158636e-13, 1.00349644839e-11
residvcv
479685.395907758
