---
oneline: Age-specific interacted (Spec 2) response – MERRA2
version: MORTALITY-AGE-SPEC-INTERACTED-MERRA2
dependencies: agespec_interaction_response_MERRA2.ster
description: 4th-order poly OLS; age×ADM2 & age×Country×Year FE; temp×income & temp×LR-temp interactions
csvv-version: aliabonanno- 4 Oct 2025
variables:
  tavg_poly_1: T1_sum [C]
  tavg_poly_2: T2_sum [C^2]
  tavg_poly_3: T3_sum [C^3]
  tavg_poly_4: T4_sum [C^4]
  lr_tavg: long-run mean annual temperature [C]
  deathrate_w99: mortality rate winsorized at 99th percentile
  loggdppc_adm1_avg: log GDP per capita
...
observations
 542862
prednames
tavg_poly_1, tavg_poly_2, tavg_poly_3, tavg_poly_4
covarnames
1, lr_tavg, loggdppc_adm1_avg
gamma
-1.321530812955016, .0167571047269445, .1327202286143424
-.0300292309195995, -.0002977765524351, .0017709940826161
.0051510119774106, .000027064576374, -.0005636802576714
-.0001008189851364, -8.65799328557e-07, .0000125178702286
-.2514750552282699, .0035749998835649, .0235819445104243
.0146796839880535, -.0002304863027859, -.0014528891863916
.0002436799827552, 5.47891735705e-06, -.0000271766242573
-.0000118786320961, -8.86002474629e-08, 1.38543025324e-06
-1.805956535156834, .0389269996626905, .1680849885222901
.094439543225412, -.0006530138590082, -.0116930668556034
.0016532321184242, -.0000211051287349, -.0002222955407641
-.0000699341398454, -8.20584523557e-07, .0000135915764096
gammavcv
.6175116108164429, -.0063832641031089, -.0585813413917311, .0085605374354596, -6.82269890506e-06, -.0007333616721984, -.0024052469462405, .0000140065527021, .0002326002156485, .000051605707581, -2.76279928551e-07, -5.12613848607e-06, .0499933474227455, -.0007612843966774, -.0048491097348211, -.0004212106622021, 4.97164573580e-06, .0000850280465213, -.0002194205859645, 6.12878123238e-07, .0000227031877722, 5.49864982649e-06, -6.01329798537e-09, -6.13910417702e-07, .6697104030400105, -.0059119072139703, -.0648941239397046, -.0115386501750589, 8.37657879572e-06, .0014058403316383, -.0040137084160209, .0000227566815279, .0003933194070581, .0001116653671961, -5.55801347261e-07, -.0000111902006077
-.0063832641031089, .0001301124884498, .0005704832277514, -.0001362137715879, -1.19483514843e-07, .0000126140255435, .000019092081895, -2.18861585864e-07, -1.76732724167e-06, -3.45697769286e-07, 4.18473956808e-09, 3.29733802072e-08, -.0004825044415966, .0000183355419406, .0000412755870152, 4.26523333065e-07, -8.25798183541e-08, -3.77043353364e-07, 1.42415602590e-06, -2.00124920022e-08, -1.39247763132e-07, -3.32515848635e-08, 3.55985339347e-10, 3.63031779266e-09, -.0065880876250847, .0000499067658738, .0006418938042484, -.0001199660543237, 1.20184012128e-06, .0000122753786441, .0000431125020208, -3.13820416110e-07, -4.11523346932e-06, -1.07781780981e-06, 8.40141553619e-09, 9.98216792751e-08
-.0585813413917311, .0005704832277514, .0055921751139208, -.0008628045545686, 1.12741216870e-06, .0000736071617659, .0002316016552517, -1.25419870548e-06, -.0000225209878259, -4.94935575523e-06, 2.42233296434e-08, 4.95111014369e-07, -.0047938968015033, .000070639368051, .0004663266352963, .0000408856263972, -5.01874495728e-07, -8.36939598623e-06, .0000207506974764, -4.46719046656e-08, -2.16299483620e-06, -5.17618326280e-07, 2.14181359239e-10, 5.84407843709e-08, -.0628124981380167, .000575547102322, .0060903943078069, .0012408676245789, -8.95214172143e-07, -.0001508479918302, .000370972875894, -2.04919189213e-06, -.0000365464423654, -.0000104017334001, 4.89440608675e-08, 1.05161311647e-06
.0085605374354596, -.0001362137715879, -.0008628045545686, .0020487996346713, -.0000176464538482, -.0001868934710972, -.0000619959488807, 5.15302358399e-07, 6.38098824498e-06, 1.36488306408e-07, 8.35756706038e-10, -3.39757025582e-08, .0001776200823346, -.0000361702457363, -9.76568321357e-06, .0002070398689356, -3.35186100743e-06, -.0000169129210697, -2.16761996403e-06, 1.17143087401e-07, 2.44663608524e-07, -9.65676729356e-08, -3.62373472040e-10, 5.95395027151e-09, -.0147315315969552, .000083089373107, .0013854877965562, .0019057169906018, -.0000400099143448, -.0001717150155715, 6.52630095433e-06, 1.25330183867e-06, -7.10636054541e-07, -1.25887638591e-06, -1.35360626324e-08, 1.29963574841e-07
-6.82269890506e-06, -1.19483514843e-07, 1.12741216870e-06, -.0000176464538482, 4.27930482635e-07, 1.41445918688e-06, 5.84067647284e-07, -1.44693405054e-08, -5.82582764739e-08, -2.99869596947e-09, 8.29304003867e-11, 5.96253183113e-10, -4.82502262131e-06, 1.11322119094e-07, 5.46477184775e-07, -3.07669003436e-06, 8.24727646867e-08, 2.40266905745e-07, 1.17482917664e-07, -3.06004086597e-09, -1.17389912076e-08, -1.00742264992e-09, 2.55874849069e-11, 1.48840567535e-10, .0000412990589072, -2.53053441413e-06, -2.71350343255e-06, -.000029699614583, 5.61453264733e-07, 2.64402404031e-06, 5.93917145400e-07, -1.50331954878e-08, -5.76551938574e-08, 3.18363009540e-09, 1.08739085879e-10, -2.88942574151e-10
-.0007333616721984, .0000126140255435, .0000736071617659, -.0001868934710972, 1.41445918688e-06, .0000173619223438, 5.46434188908e-06, -4.41236662142e-08, -5.58911558169e-07, -8.64946364008e-09, 2.26170859442e-12, 2.32860732422e-09, -.0000156631381806, 3.49052725045e-06, 5.47299769164e-07, -.0000183231105853, 2.70515630572e-07, 1.53524255684e-06, 1.41832777252e-07, -1.02667378985e-08, -1.55351648635e-08, 9.87351839846e-09, 4.62142672033e-11, -7.20020204025e-10, .0012935441131314, -6.63561484955e-06, -.0001237297174533, -.0001777726977046, 3.53842344926e-06, .000016425719567, -6.22874228094e-07, -1.20977322062e-07, 8.22453671092e-08, 1.18916462324e-07, 1.50673406670e-09, -1.29596374214e-08
-.0024052469462405, .000019092081895, .0002316016552517, -.0000619959488807, 5.84067647284e-07, 5.46434188908e-06, .0000135843498082, -8.44222055794e-08, -1.32229849549e-06, -2.97542793963e-07, 1.58081825426e-09, 2.96439953133e-08, -.0002324479260583, 2.37620989801e-06, .0000226291835387, 1.21449943285e-06, 4.84546529041e-08, -3.46229768436e-07, 1.32527705721e-06, -6.21046451739e-09, -1.33758117178e-07, -3.36314595555e-08, 8.76150890864e-11, 3.61283162191e-09, -.0031172409670683, .0000302879910672, .0002945315519441, .0000887574883438, -2.41368366451e-07, -.0000103062657334, .0000185907966953, -1.03489158446e-07, -1.81347376010e-06, -5.37796423543e-07, 2.47744028727e-09, 5.43155230277e-08
.0000140065527021, -2.18861585864e-07, -1.25419870548e-06, 5.15302358399e-07, -1.44693405054e-08, -4.41236662142e-08, -8.44222055794e-08, 1.35513587701e-09, 7.70222909682e-09, 1.77261635147e-09, -2.36119919324e-11, -1.66861073744e-10, 2.00635170157e-06, -3.07092526723e-08, -1.87412688795e-07, 7.02759959133e-08, -2.60715204264e-09, -4.84546584434e-09, -1.34104667389e-08, 1.93836308153e-10, 1.27100571841e-09, 2.99754682350e-10, -3.16314662366e-12, -2.98670902861e-11, .0000313447962342, -7.77145403157e-08, -3.00596977662e-06, 8.32331859891e-07, -1.17860785314e-08, -8.09177387961e-08, -1.98180410274e-07, 1.51640718180e-09, 1.85624708308e-08, 4.62947022126e-09, -3.56454892611e-11, -4.25672528607e-10
.0002326002156485, -1.76732724167e-06, -.0000225209878259, 6.38098824498e-06, -5.82582764739e-08, -5.58911558169e-07, -1.32229849549e-06, 7.70222909682e-09, 1.29456896312e-07, 2.87177833238e-08, -1.39420676245e-10, -2.88608531759e-09, .0000220938499775, -2.33624214273e-07, -2.15085717004e-06, -1.33205179914e-07, -4.18432911891e-09, 3.60617115786e-08, -1.24075288749e-07, 5.14774763482e-10, 1.26232222132e-08, 3.14529910053e-09, -6.25382450507e-12, -3.42293587238e-10, .0002885105715166, -3.00924826896e-06, -.0000272599003534, -9.22951055254e-06, 2.41800198801e-08, 1.07618289217e-06, -1.71403977390e-06, 9.20947878431e-09, 1.68353496570e-07, 5.01979620096e-08, -2.14821347033e-10, -5.12350711200e-09
.000051605707581, -3.45697769286e-07, -4.94935575523e-06, 1.36488306408e-07, -2.99869596947e-09, -8.64946364008e-09, -2.97542793963e-07, 1.77261635147e-09, 2.87177833238e-08, 7.42067323315e-09, -4.10334968646e-11, -7.23443777336e-10, 5.70720591649e-06, -3.13505442670e-08, -5.59970876856e-07, -1.73332703011e-07, 1.01091720766e-09, 2.01108901213e-08, -3.26073603452e-08, 8.83453868425e-11, 3.25473914400e-09, 9.37569094579e-10, -2.34615163925e-12, -9.67387394405e-11, .0000912054569905, -8.50749524516e-07, -8.59027056504e-06, -3.56246683203e-06, 3.45633032783e-08, 3.78688533516e-07, -4.81132173067e-07, 1.81306940727e-09, 4.68854972778e-08, 1.46468358445e-08, -5.49425114435e-11, -1.47880283821e-09
-2.76279928551e-07, 4.18473956808e-09, 2.42233296434e-08, 8.35756706038e-10, 8.29304003867e-11, 2.26170859442e-12, 1.58081825426e-09, -2.36119919324e-11, -1.39420676245e-10, -4.10334968646e-11, 5.41127419371e-13, 3.58153451182e-12, -4.49003210745e-08, 5.13005726185e-10, 4.16247872021e-09, 1.91103408845e-10, 1.48877399545e-11, -2.29500432125e-11, 2.68659523740e-10, -3.04781834257e-12, -2.47850984063e-11, -7.13716081038e-12, 6.88189682531e-14, 6.62613808084e-13, -8.28683619656e-07, 3.87336074272e-09, 7.80620922831e-08, -3.18517970892e-09, -5.31671453982e-11, 4.77858898985e-10, 4.56755606979e-09, -3.04201929791e-11, -4.23453370672e-10, -1.15810296959e-10, 8.53644238385e-13, 1.05831075521e-11
-5.12613848607e-06, 3.29733802072e-08, 4.95111014369e-07, -3.39757025582e-08, 5.96253183113e-10, 2.32860732422e-09, 2.96439953133e-08, -1.66861073744e-10, -2.88608531759e-09, -7.23443777336e-10, 3.58153451182e-12, 7.16504924534e-11, -5.47609658550e-07, 3.27311983751e-09, 5.38960912291e-08, 1.58909309059e-08, -6.94789836978e-11, -1.94560628978e-09, 3.11234132512e-09, -7.14622538959e-12, -3.14417790526e-10, -8.86088620556e-11, 1.57925403648e-13, 9.32900284753e-12, -8.40302628954e-06, 8.23094491086e-08, 7.93826010904e-07, 3.60116748722e-07, -3.18766295195e-09, -3.88892367938e-08, 4.45374803511e-08, -1.50069242145e-10, -4.38380721848e-09, -1.37616180310e-09, 4.47226542477e-12, 1.40841533927e-10
.0499933474227455, -.0004825044415966, -.0047938968015033, .0001776200823346, -4.82502262131e-06, -.0000156631381806, -.0002324479260583, 2.00635170157e-06, .0000220938499775, 5.70720591649e-06, -4.49003210745e-08, -5.47609658550e-07, .0263286684287572, -.0002477982004922, -.0024503147023212, .000225911614575, -1.95373412211e-06, -.0000202700943769, -.0001007719349682, 7.39523211699e-07, 9.57092188582e-06, 2.32592282056e-06, -1.65347246802e-08, -2.21558996414e-07, .2910853935431701, -.002604794446659, -.0273103279740989, .0003738315324376, -1.37700081079e-06, -.0000442408217395, -.0011596686318625, 8.32821372417e-06, .0001104991954712, .0000292125031194, -2.08108776015e-07, -2.77049922921e-06
-.0007612843966774, .0000183355419406, .000070639368051, -.0000361702457363, 1.11322119094e-07, 3.49052725045e-06, 2.37620989801e-06, -3.07092526723e-08, -2.33624214273e-07, -3.13505442670e-08, 5.13005726185e-10, 3.27311983751e-09, -.0002477982004922, 6.65628416780e-06, .0000204037803468, -9.52446222248e-07, -4.12101237575e-08, 6.45224047598e-08, 5.36971188276e-07, -8.18864543385e-09, -4.82994043940e-08, -1.11069848402e-08, 1.71612330079e-10, 1.03970058524e-09, -.0025609560500732, .000033821462186, .0002313717737869, -.0000265646144094, 2.17885466943e-07, 3.16593951731e-06, 8.76481902023e-06, -9.63562080420e-08, -8.19906479049e-07, -2.02336925180e-07, 2.38257918639e-09, 1.79429881313e-08
-.0048491097348211, .0000412755870152, .0004663266352963, -9.76568321357e-06, 5.46477184775e-07, 5.47299769164e-07, .0000226291835387, -1.87412688795e-07, -2.15085717004e-06, -5.59970876856e-07, 4.16247872021e-09, 5.38960912291e-08, -.0024503147023212, .0000204037803468, .0002307274642134, -.000025659608216, 2.89515745721e-07, 2.24806119857e-06, 9.75127554629e-06, -6.85999742630e-08, -9.32185054186e-07, -2.23369577392e-07, 1.49212924044e-09, 2.14595252326e-08, -.0271842808495999, .0002339037351083, .0025658098141871, -.0000632166656076, 7.41774241525e-07, 5.84008409282e-06, .0001115884993203, -7.76606621903e-07, -.0000106755799294, -2.79744881225e-06, 1.90143124946e-08, 2.67219071592e-07
-.0004212106622021, 4.26523333065e-07, .0000408856263972, .0002070398689356, -3.07669003436e-06, -.0000183231105853, 1.21449943285e-06, 7.02759959133e-08, -1.33205179914e-07, -1.73332703011e-07, 1.91103408845e-10, 1.58909309059e-08, .000225911614575, -9.52446222248e-07, -.000025659608216, .0000916741212944, -1.47350124959e-06, -8.21729660150e-06, -2.98463404133e-06, 5.79345949913e-08, 2.87624463608e-07, 1.41470371445e-08, -6.04105292566e-10, -1.63815459399e-09, .0009720208673358, -.0000344272277749, -.0001017810527765, .0010673130776035, -.000015491132697, -.000099960502514, -.0000260408231879, 6.91993384161e-07, 2.34059655249e-06, -5.60186154181e-08, -9.11597839050e-09, 1.17149109620e-08
4.97164573580e-06, -8.25798183541e-08, -5.01874495728e-07, -3.35186100743e-06, 8.24727646867e-08, 2.70515630572e-07, 4.84546529041e-08, -2.60715204264e-09, -4.18432911891e-09, 1.01091720766e-09, 1.48877399545e-11, -6.94789836978e-11, -1.95373412211e-06, -4.12101237575e-08, 2.89515745721e-07, -1.47350124959e-06, 3.23511529310e-08, 1.25122729061e-07, 5.28266058634e-08, -1.19999383964e-09, -5.14930752502e-09, -3.78969167188e-10, 1.14243931417e-11, 4.81230180405e-11, -3.46962844178e-06, 4.48505908049e-07, 3.47730304579e-07, -.0000165533454539, 2.95463330199e-07, 1.49151877659e-06, 4.14042937865e-07, -1.26414015674e-08, -3.67307267196e-08, 6.66180521957e-10, 1.47368798924e-10, -1.13612390894e-10
.0000850280465213, -3.77043353364e-07, -8.36939598623e-06, -.0000169129210697, 2.40266905745e-07, 1.53524255684e-06, -3.46229768436e-07, -4.84546584434e-09, 3.60617115786e-08, 2.01108901213e-08, -2.29500432125e-11, -1.94560628978e-09, -.0000202700943769, 6.45224047598e-08, 2.24806119857e-06, -8.21729660150e-06, 1.25122729061e-07, 7.53163893024e-07, 2.65212526005e-07, -5.24573794743e-09, -2.50502427096e-08, -1.26290376608e-09, 6.20903618049e-11, 1.18488001414e-10, -.0001129927190322, 3.10821193500e-06, .0000114682348687, -.000099582318562, 1.36622600219e-06, 9.46364823269e-06, 2.38684334158e-06, -6.36030535046e-08, -2.11524639878e-07, 6.28571276799e-09, 8.87700044650e-10, -1.37721084716e-09
-.0002194205859645, 1.42415602590e-06, .0000207506974764, -2.16761996403e-06, 1.17482917664e-07, 1.41832777252e-07, 1.32527705721e-06, -1.34104667389e-08, -1.24075288749e-07, -3.26073603452e-08, 2.68659523740e-10, 3.11234132512e-09, -.0001007719349682, 5.36971188276e-07, 9.75127554629e-06, -2.98463404133e-06, 5.28266058634e-08, 2.65212526005e-07, 5.63292685345e-07, -4.81704776240e-09, -5.37613096207e-08, -1.23933550552e-08, 9.31309770190e-11, 1.19038126712e-09, -.0012419254996578, 9.86431401025e-06, .0001184814014312, -.000025285989638, 3.86090090461e-07, 2.27559958711e-06, 6.59140614263e-06, -5.47993268153e-08, -6.26861789599e-07, -1.53860648017e-07, 1.16554509234e-09, 1.46931655885e-08
6.12878123238e-07, -2.00124920022e-08, -4.46719046656e-08, 1.17143087401e-07, -3.06004086597e-09, -1.02667378985e-08, -6.21046451739e-09, 1.93836308153e-10, 5.14774763482e-10, 8.83453868425e-11, -3.04781834257e-12, -7.14622538959e-12, 7.39523211699e-07, -8.18864543385e-09, -6.85999742630e-08, 5.79345949913e-08, -1.19999383964e-09, -5.24573794743e-09, -4.81704776240e-09, 8.19695850275e-11, 4.40323321306e-10, 8.51375335847e-11, -1.36818276960e-12, -7.76675147602e-12, 8.73763160967e-06, -9.37765114230e-08, -8.00288051903e-07, 7.21820810559e-07, -1.12895308559e-08, -6.91848779720e-08, -5.36038930947e-08, 8.71687229923e-10, 4.81794517880e-09, 8.95421624220e-10, -1.59049065476e-11, -7.56239888396e-11
.0000227031877722, -1.39247763132e-07, -2.16299483620e-06, 2.44663608524e-07, -1.17389912076e-08, -1.55351648635e-08, -1.33758117178e-07, 1.27100571841e-09, 1.26232222132e-08, 3.25473914400e-09, -2.47850984063e-11, -3.14417790526e-10, 9.57092188582e-06, -4.82994043940e-08, -9.32185054186e-07, 2.87624463608e-07, -5.14930752502e-09, -2.50502427096e-08, -5.37613096207e-08, 4.40323321306e-10, 5.16510888774e-09, 1.17887131906e-09, -8.28269772121e-12, -1.14505120931e-10, .0001174023931879, -9.22743107436e-07, -.0000112478346035, 2.31682499555e-06, -3.70162433981e-08, -2.02813542673e-07, -6.28822980076e-07, 5.03811081593e-09, 6.01141796160e-08, 1.47398244299e-08, -1.05710670870e-10, -1.41984392371e-09
5.49864982649e-06, -3.32515848635e-08, -5.17618326280e-07, -9.65676729356e-08, -1.00742264992e-09, 9.87351839846e-09, -3.36314595555e-08, 2.99754682350e-10, 3.14529910053e-09, 9.37569094579e-10, -7.13716081038e-12, -8.86088620556e-11, 2.32592282056e-06, -1.11069848402e-08, -2.23369577392e-07, 1.41470371445e-08, -3.78969167188e-10, -1.26290376608e-09, -1.23933550552e-08, 8.51375335847e-11, 1.17887131906e-09, 3.10817386453e-10, -2.02559636280e-12, -2.95497584293e-11, .0000310731228993, -2.14341496160e-07, -2.96742122932e-06, -5.05640329132e-08, 3.68741061118e-10, 6.94170194318e-09, -1.54670279970e-07, 9.45247483662e-10, 1.47961588635e-08, 4.09026168469e-09, -2.40679772810e-11, -3.94744497074e-10
-6.01329798537e-09, 3.55985339347e-10, 2.14181359239e-10, -3.62373472040e-10, 2.55874849069e-11, 4.62142672033e-11, 8.76150890864e-11, -3.16314662366e-12, -6.25382450507e-12, -2.34615163925e-12, 6.88189682531e-14, 1.57925403648e-13, -1.65347246802e-08, 1.71612330079e-10, 1.49212924044e-09, -6.04105292566e-10, 1.14243931417e-11, 6.20903618049e-11, 9.31309770190e-11, -1.36818276960e-12, -8.28269772121e-12, -2.02559636280e-12, 2.90667663837e-14, 1.72782102101e-13, -2.23285506708e-07, 1.95817166399e-09, 2.05575502248e-08, -9.30787192753e-09, 1.14100414135e-10, 9.56232317176e-10, 1.16342790679e-09, -1.48497289258e-11, -1.04839776659e-10, -2.39993168252e-11, 3.24119114590e-13, 2.05376415191e-12
-6.13910417702e-07, 3.63031779266e-09, 5.84407843709e-08, 5.95395027151e-09, 1.48840567535e-10, -7.20020204025e-10, 3.61283162191e-09, -2.98670902861e-11, -3.42293587238e-10, -9.67387394405e-11, 6.62613808084e-13, 9.32900284753e-12, -2.21558996414e-07, 1.03970058524e-09, 2.14595252326e-08, -1.63815459399e-09, 4.81230180405e-11, 1.18488001414e-10, 1.19038126712e-09, -7.76675147602e-12, -1.14505120931e-10, -2.95497584293e-11, 1.72782102101e-13, 2.86768624560e-12, -2.90280655549e-06, 1.99686403777e-08, 2.78425097886e-07, 9.29300068743e-09, 9.94821818904e-12, -1.32446864150e-09, 1.46954693819e-08, -8.53012071801e-11, -1.41565957666e-09, -3.91725031024e-10, 2.11582472696e-12, 3.82661549992e-11
.6697104030400105, -.0065880876250847, -.0628124981380167, -.0147315315969552, .0000412990589072, .0012935441131314, -.0031172409670683, .0000313447962342, .0002885105715166, .0000912054569905, -8.28683619656e-07, -8.40302628954e-06, .2910853935431701, -.0025609560500732, -.0271842808495999, .0009720208673358, -3.46962844178e-06, -.0001129927190322, -.0012419254996578, 8.73763160967e-06, .0001174023931879, .0000310731228993, -2.23285506708e-07, -2.90280655549e-06, 5.915840037405951, -.0554491915469704, -.5578711616585765, .055603497270395, -.0003562521178679, -.005127027026768, -.0243693753427359, .0001673714993196, .0023327345816842, .0005851653890787, -3.84773806099e-06, -.0000561754140265
-.0059119072139703, .0000499067658738, .000575547102322, .000083089373107, -2.53053441413e-06, -6.63561484955e-06, .0000302879910672, -7.77145403157e-08, -3.00924826896e-06, -8.50749524516e-07, 3.87336074272e-09, 8.23094491086e-08, -.002604794446659, .000033821462186, .0002339037351083, -.0000344272277749, 4.48505908049e-07, 3.10821193500e-06, 9.86431401025e-06, -9.37765114230e-08, -9.22743107436e-07, -2.14341496160e-07, 1.95817166399e-09, 1.99686403777e-08, -.0554491915469704, .0010484633985073, .0048987654074477, -.0009866053430365, .0000173063781315, .0000796340217679, .0001961169149772, -2.68280045278e-06, -.0000182557790354, -3.97445369514e-06, 4.79691203273e-08, 3.83385418179e-07
-.0648941239397046, .0006418938042484, .0060903943078069, .0013854877965562, -2.71350343255e-06, -.0001237297174533, .0002945315519441, -3.00596977662e-06, -.0000272599003534, -8.59027056504e-06, 7.80620922831e-08, 7.93826010904e-07, -.0273103279740989, .0002313717737869, .0025658098141871, -.0001017810527765, 3.47730304579e-07, .0000114682348687, .0001184814014312, -8.00288051903e-07, -.0000112478346035, -2.96742122932e-06, 2.05575502248e-08, 2.78425097886e-07, -.5578711616585765, .0048987654074477, .0529998756099649, -.0056429431572685, .0000357767901284, .0005206761165024, .0023467371684413, -.0000152455608271, -.0002256556717815, -.0000564060751869, 3.51930779217e-07, 5.43722372179e-06
-.0115386501750589, -.0001199660543237, .0012408676245789, .0019057169906018, -.000029699614583, -.0001777726977046, .0000887574883438, 8.32331859891e-07, -9.22951055254e-06, -3.56246683203e-06, -3.18517970892e-09, 3.60116748722e-07, .0003738315324376, -.0000265646144094, -.0000632166656076, .0010673130776035, -.0000165533454539, -.000099582318562, -.000025285989638, 7.21820810559e-07, 2.31682499555e-06, -5.05640329132e-08, -9.30787192753e-09, 9.29300068743e-09, .055603497270395, -.0009866053430365, -.0056429431572685, .0207606640884537, -.0002822540308552, -.0019522189865871, -.0006032761449228, .000013197718291, .0000557750045516, 1.14876049066e-06, -1.71925132478e-07, -2.70865264046e-08
8.37657879572e-06, 1.20184012128e-06, -8.95214172143e-07, -.0000400099143448, 5.61453264733e-07, 3.53842344926e-06, -2.41368366451e-07, -1.17860785314e-08, 2.41800198801e-08, 3.45633032783e-08, -5.31671453982e-11, -3.18766295195e-09, -1.37700081079e-06, 2.17885466943e-07, 7.41774241525e-07, -.000015491132697, 2.95463330199e-07, 1.36622600219e-06, 3.86090090461e-07, -1.12895308559e-08, -3.70162433981e-08, 3.68741061118e-10, 1.14100414135e-10, 9.94821818904e-12, -.0003562521178679, .0000173063781315, .0000357767901284, -.0002822540308552, 5.55612355126e-06, .0000250703832696, 8.07985948922e-06, -2.50984489003e-07, -7.45302669688e-07, -1.59807047722e-08, 2.91120287937e-09, 1.82537880338e-09
.0014058403316383, .0000122753786441, -.0001508479918302, -.0001717150155715, 2.64402404031e-06, .000016425719567, -.0000103062657334, -8.09177387961e-08, 1.07618289217e-06, 3.78688533516e-07, 4.77858898985e-10, -3.88892367938e-08, -.0000442408217395, 3.16593951731e-06, 5.84008409282e-06, -.000099960502514, 1.49151877659e-06, 9.46364823269e-06, 2.27559958711e-06, -6.91848779720e-08, -2.02813542673e-07, 6.94170194318e-09, 9.56232317176e-10, -1.32446864150e-09, -.005127027026768, .0000796340217679, .0005206761165024, -.0019522189865871, .0000250703832696, .000186253222385, .0000548962779396, -1.20264556302e-06, -5.02148580707e-06, -6.79131368320e-08, 1.66871185249e-08, -5.38157108645e-09
-.0040137084160209, .0000431125020208, .000370972875894, 6.52630095433e-06, 5.93917145400e-07, -6.22874228094e-07, .0000185907966953, -1.98180410274e-07, -1.71403977390e-06, -4.81132173067e-07, 4.56755606979e-09, 4.45374803511e-08, -.0011596686318625, 8.76481902023e-06, .0001115884993203, -.0000260408231879, 4.14042937865e-07, 2.38684334158e-06, 6.59140614263e-06, -5.36038930947e-08, -6.28822980076e-07, -1.54670279970e-07, 1.16342790679e-09, 1.46954693819e-08, -.0243693753427359, .0001961169149772, .0023467371684413, -.0006032761449228, 8.07985948922e-06, .0000548962779396, .0001301627659111, -1.03337019422e-06, -.0000124775629592, -3.01118702322e-06, 2.16601184566e-08, 2.89564117824e-07
.0000227566815279, -3.13820416110e-07, -2.04919189213e-06, 1.25330183867e-06, -1.50331954878e-08, -1.20977322062e-07, -1.03489158446e-07, 1.51640718180e-09, 9.20947878431e-09, 1.81306940727e-09, -3.04201929791e-11, -1.50069242145e-10, 8.32821372417e-06, -9.63562080420e-08, -7.76606621903e-07, 6.91993384161e-07, -1.26414015674e-08, -6.36030535046e-08, -5.47993268153e-08, 8.71687229923e-10, 5.03811081593e-09, 9.45247483662e-10, -1.48497289258e-11, -8.53012071801e-11, .0001673714993196, -2.68280045278e-06, -.0000152455608271, .000013197718291, -2.50984489003e-07, -1.20264556302e-06, -1.03337019422e-06, 1.85679584552e-08, 9.45578984794e-08, 1.77453225586e-08, -3.13812033916e-10, -1.61481062300e-09
.0003933194070581, -4.11523346932e-06, -.0000365464423654, -7.10636054541e-07, -5.76551938574e-08, 8.22453671092e-08, -1.81347376010e-06, 1.85624708308e-08, 1.68353496570e-07, 4.68854972778e-08, -4.23453370672e-10, -4.38380721848e-09, .0001104991954712, -8.19906479049e-07, -.0000106755799294, 2.34059655249e-06, -3.67307267196e-08, -2.11524639878e-07, -6.26861789599e-07, 4.81794517880e-09, 6.01141796160e-08, 1.47961588635e-08, -1.04839776659e-10, -1.41565957666e-09, .0023327345816842, -.0000182557790354, -.0002256556717815, .0000557750045516, -7.45302669688e-07, -5.02148580707e-06, -.0000124775629592, 9.45578984794e-08, 1.20147043725e-06, 2.90143864255e-07, -1.97505530554e-09, -2.80770972414e-08
.0001116653671961, -1.07781780981e-06, -.0000104017334001, -1.25887638591e-06, 3.18363009540e-09, 1.18916462324e-07, -5.37796423543e-07, 4.62947022126e-09, 5.01979620096e-08, 1.46468358445e-08, -1.15810296959e-10, -1.37616180310e-09, .0000292125031194, -2.02336925180e-07, -2.79744881225e-06, -5.60186154181e-08, 6.66180521957e-10, 6.28571276799e-09, -1.53860648017e-07, 8.95421624220e-10, 1.47398244299e-08, 4.09026168469e-09, -2.39993168252e-11, -3.91725031024e-10, .0005851653890787, -3.97445369514e-06, -.0000564060751869, 1.14876049066e-06, -1.59807047722e-08, -6.79131368320e-08, -3.01118702322e-06, 1.77453225586e-08, 2.90143864255e-07, 7.98872158272e-08, -4.56278887237e-10, -7.72641308289e-09
-5.55801347261e-07, 8.40141553619e-09, 4.89440608675e-08, -1.35360626324e-08, 1.08739085879e-10, 1.50673406670e-09, 2.47744028727e-09, -3.56454892611e-11, -2.14821347033e-10, -5.49425114435e-11, 8.53644238385e-13, 4.47226542477e-12, -2.08108776015e-07, 2.38257918639e-09, 1.90143124946e-08, -9.11597839050e-09, 1.47368798924e-10, 8.87700044650e-10, 1.16554509234e-09, -1.59049065476e-11, -1.05710670870e-10, -2.40679772810e-11, 3.24119114590e-13, 2.11582472696e-12, -3.84773806099e-06, 4.79691203273e-08, 3.51930779217e-07, -1.71925132478e-07, 2.91120287937e-09, 1.66871185249e-08, 2.16601184566e-08, -3.13812033916e-10, -1.97505530554e-09, -4.56278887237e-10, 6.47821275655e-12, 4.02872475209e-11
-.0000111902006077, 9.98216792751e-08, 1.05161311647e-06, 1.29963574841e-07, -2.88942574151e-10, -1.29596374214e-08, 5.43155230277e-08, -4.25672528607e-10, -5.12350711200e-09, -1.47880283821e-09, 1.05831075521e-11, 1.40841533927e-10, -2.77049922921e-06, 1.79429881313e-08, 2.67219071592e-07, 1.17149109620e-08, -1.13612390894e-10, -1.37721084716e-09, 1.46931655885e-08, -7.56239888396e-11, -1.41984392371e-09, -3.94744497074e-10, 2.05376415191e-12, 3.82661549992e-11, -.0000561754140265, 3.83385418179e-07, 5.43722372179e-06, -2.70865264046e-08, 1.82537880338e-09, -5.38157108645e-09, 2.89564117824e-07, -1.61481062300e-09, -2.80770972414e-08, -7.72641308289e-09, 4.02872475209e-11, 7.56543816128e-10
residvcv
363582.3688523488
