---
oneline: Age-combined JRA_3Q spec5 results
version: MORTALITY-AGE-COMBINED-JRA_3Q-SPEC5
dependencies: pooled_response_spec5_public_JRA_3Q.ster
description: 4th-order poly OLS; ADM2×Seasonality & ADM0×Year FE
csvv-version: aliabonanno-2025-07-28
variables:
  tavg_poly_1: T1_sum [C]
  tavg_poly_2: T2_sum [C^2]
  tavg_poly_3: T3_sum [C^3]
  tavg_poly_4: T4_sum [C^4]
  deathrate_w99: mortality rate winnowed at 99th percentile
...
observations
 547609
prednames
tavg_poly_1, tavg_poly_2, tavg_poly_3, tavg_poly_4
coefnames
tavg_poly_1_JRA_3Q, tavg_poly_2_JRA_3Q, tavg_poly_3_JRA_3Q, tavg_poly_4_JRA_3Q, c.tavg_poly_1_JRA_3Q#c.loggdppc_adm1_avg, c.tavg_poly_2_JRA_3Q#c.loggdppc_adm1_avg, c.tavg_poly_3_JRA_3Q#c.loggdppc_adm1_avg, c.tavg_poly_4_JRA_3Q#c.loggdppc_adm1_avg, c.tavg_poly_1_JRA_3Q#c.lr_tavg_JRA_3Q_adm1_avg, c.tavg_poly_2_JRA_3Q#c.lr_tavg_JRA_3Q_adm1_avg, c.tavg_poly_3_JRA_3Q#c.lr_tavg_JRA_3Q_adm1_avg, c.tavg_poly_4_JRA_3Q#c.lr_tavg_JRA_3Q_adm1_avg, _cons
covarnames
Exposure: 13-month; FE: as Spec2; Controls: ADM0×prcp_poly_{1,2} (JRA_3Q)
# note: gamma includes the intercept (_cons) as the last entry
gamma
-.128991322605532, .0022541116364047, -.0005342675943447, .0000156109157317, .0118079890235094, -.0006017551350839, .0000478423525905, -1.08295770558e-06, .002361465835521, .0001302311539618, -9.70438910736e-09, -1.03406397254e-07
591.0745791321054
gammavcv
.0218529470838952, .0004825819604448, -.000061173500647, 9.94889067767e-07, -.0021636313992024, -.0000402983199151, 6.07607294003e-06, -1.13783930911e-07, -.0000469725378066, -3.27374126720e-06, 2.02096254700e-07, 9.24577756844e-10, -15.99047928853641
.0004825819604448, .000156915314027, -2.93922945815e-06, -4.70220485934e-08, -.0000518814406054, -.0000143284690668, 3.14485094191e-07, 2.94448517346e-09, 2.06257478141e-06, -9.69350345186e-07, -2.46016914940e-08, 1.54415822387e-09, -1.25202665811562
-.000061173500647, -2.93922945815e-06, 3.03229611441e-07, -4.49741017333e-09, 6.17729506722e-06, 2.07262715197e-07, -3.06681765005e-08, 5.70014889670e-10, 2.14664821877e-07, 6.48337586605e-08, -1.90808200459e-09, -1.69754480818e-11, -.0106304542763865
9.94889067767e-07, -4.70220485934e-08, -4.49741017333e-09, 1.48302925058e-10, -9.58742329890e-08, 5.13212599771e-09, 4.36392785182e-10, -1.51394020785e-11, -8.66330956110e-09, -3.10273965468e-10, 5.51013265640e-11, -1.18635964709e-12, .000865472201624
-.0021636313992024, -.0000518814406054, 6.17729506722e-06, -9.58742329890e-08, .0002191507893969, 4.44359891026e-06, -6.25444193295e-07, 1.11919175914e-08, -2.68694196888e-07, 3.19211372008e-07, -7.08703857576e-09, -3.80504600263e-10, 1.698508139267698
-.0000402983199151, -.0000143284690668, 2.07262715197e-07, 5.13212599771e-09, 4.44359891026e-06, 1.38620723002e-06, -2.24752681696e-08, -4.56347515436e-10, -5.11827485232e-07, 2.44096764228e-08, 4.50844879851e-09, -1.35110107281e-10, .1784429113752734
6.07607294003e-06, 3.14485094191e-07, -3.06681765005e-08, 4.36392785182e-10, -6.25444193295e-07, -2.24752681696e-08, 3.14021339459e-09, -5.67417271086e-11, -1.07384641867e-08, -6.78043450205e-09, 1.58458634734e-10, 2.68173860912e-12, .0010554823637604
-1.13783930911e-07, 2.94448517346e-09, 5.70014889670e-10, -1.51394020785e-11, 1.11919175914e-08, -4.56347515436e-10, -5.67417271086e-11, 1.73284588366e-12, 1.02223792242e-09, 1.24657797051e-10, -7.62759395608e-12, 7.38394860045e-14, -.0001432698625306
-.0000469725378066, 2.06257478141e-06, 2.14664821877e-07, -8.66330956110e-09, -2.68694196888e-07, -5.11827485232e-07, -1.07384641867e-08, 1.02223792242e-09, 7.14878214281e-06, 1.89231439545e-07, -2.17004159898e-08, 3.22734197929e-10, -.323678933891225
-3.27374126720e-06, -9.69350345186e-07, 6.48337586605e-08, -3.10273965468e-10, 3.19211372008e-07, 2.44096764228e-08, -6.78043450205e-09, 1.24657797051e-10, 1.89231439545e-07, 6.80271398651e-08, -1.95177166361e-09, -1.20931627023e-11, -.0534642545886531
2.02096254700e-07, -2.46016914940e-08, -1.90808200459e-09, 5.51013265640e-11, -7.08703857576e-09, 4.50844879851e-09, 1.58458634734e-10, -7.62759395608e-12, -2.17004159898e-08, -1.95177166361e-09, 1.25610406386e-10, -1.28223124509e-12, .0021897194482589
9.24577756844e-10, 1.54415822387e-09, -1.69754480818e-11, -1.18635964709e-12, -3.80504600263e-10, -1.35110107281e-10, 2.68173860912e-12, 7.38394860045e-14, 3.22734197929e-10, -1.20931627023e-11, -1.28223124509e-12, 4.60976086669e-14, -.0000110332019799
-15.99047928853641, -1.25202665811562, -.0106304542763865, .000865472201624, 1.698508139267698, .1784429113752734, .0010554823637604, -.0001432698625306, -.323678933891225, -.0534642545886531, .0021897194482589, -.0000110332019799, 94916.27297968652
residvcv
585773.2648207209
