---
oneline: Age-combined ERA5_025 spec5 results
version: MORTALITY-AGE-COMBINED-ERA5_025-SPEC5
dependencies: pooled_response_spec5_public_ERA5_025.ster
description: 4th-order poly OLS; ADM2×Seasonality & ADM0×Year FE
csvv-version: aliabonanno-2025-07-28
variables:
  tavg_poly_1: T1_sum [C]
  tavg_poly_2: T2_sum [C^2]
  tavg_poly_3: T3_sum [C^3]
  tavg_poly_4: T4_sum [C^4]
  deathrate_w99: mortality rate winnowed at 99th percentile
...
observations
 542617
prednames
tavg_poly_1, tavg_poly_2, tavg_poly_3, tavg_poly_4
coefnames
tavg_poly_1_ERA5_025, tavg_poly_2_ERA5_025, tavg_poly_3_ERA5_025, tavg_poly_4_ERA5_025, c.tavg_poly_1_ERA5_025#c.loggdppc_adm1_avg, c.tavg_poly_2_ERA5_025#c.loggdppc_adm1_avg, c.tavg_poly_3_ERA5_025#c.loggdppc_adm1_avg, c.tavg_poly_4_ERA5_025#c.loggdppc_adm1_avg, c.tavg_poly_1_ERA5_025#c.lr_tavg_ERA5_025_adm1_avg, c.tavg_poly_2_ERA5_025#c.lr_tavg_ERA5_025_adm1_avg, c.tavg_poly_3_ERA5_025#c.lr_tavg_ERA5_025_adm1_avg, c.tavg_poly_4_ERA5_025#c.lr_tavg_ERA5_025_adm1_avg, _cons
covarnames
Exposure: 13-month; FE: as Spec2; Controls: ADM0×prcp_poly_{1,2} (ERA5_025)
# note: gamma includes the intercept (_cons) as the last entry
gamma
-.2198618774917124, .0169591755927711, -.0002643168525816, -1.92095783441e-06, .0162126682191188, -.0019689672679199, .0000298259126, 5.01307527047e-07, .0075788398168019, .0000336686848749, -.0000124949427025, 2.30598674346e-07
275.8269820994787
gammavcv
.0222989809926436, -.0000898301786321, -.0000566172273915, 1.14443699830e-06, -.0021203088163182, .0000167914823559, 5.47781406421e-06, -1.27755379179e-07, -.0001727089041351, -1.27251960150e-06, 4.07419520932e-07, -3.39973821409e-09, -2.357145184146198
-.0000898301786321, .0000823306331766, -2.35181089023e-07, -5.60453895795e-08, 8.13488055092e-06, -8.07972491899e-06, 3.79267873761e-08, 4.96714363338e-09, 2.49519074931e-06, 1.82113658189e-07, -4.59646735984e-08, 1.23465336770e-09, -1.026755006807773
-.0000566172273915, -2.35181089023e-07, 2.75639710396e-07, -5.52699874738e-09, 5.50559570685e-06, -2.32601102290e-08, -2.71384996175e-08, 6.23026442803e-10, 3.77589932736e-07, 2.80425363671e-08, -1.93844432415e-09, 8.73329449635e-12, -.0330485647770099
1.14443699830e-06, -5.60453895795e-08, -5.52699874738e-09, 1.67079979625e-10, -1.10737362005e-07, 6.19385035243e-09, 5.32573706296e-10, -1.71444175293e-11, -9.35259040185e-09, -5.24622906241e-10, 7.07062113994e-11, -1.33378560126e-12, .0013871668971445
-.0021203088163182, 8.13488055092e-06, 5.50559570685e-06, -1.10737362005e-07, .0002061874953439, -1.47074528208e-06, -5.41091428308e-07, 1.23689226365e-08, .0000117519900534, 1.03309454151e-07, -2.99795769233e-08, 1.79691950049e-10, .3430898792939404
.0000167914823559, -8.07972491899e-06, -2.32601102290e-08, 6.19385035243e-09, -1.47074528208e-06, 8.37523142049e-07, 8.93551779394e-10, -6.17949433892e-10, -5.35846490220e-07, -4.90934939784e-08, 5.70955538570e-09, -1.15999874906e-10, .1354232670014133
5.47781406421e-06, 3.79267873761e-08, -2.71384996175e-08, 5.32573706296e-10, -5.41091428308e-07, 8.93551779394e-10, 2.70206590587e-09, -6.07861864078e-11, -2.96426268114e-08, -2.84786327449e-09, 1.62761330509e-10, -1.75129186965e-13, .0032179660098966
-1.27755379179e-07, 4.96714363338e-09, 6.23026442803e-10, -1.71444175293e-11, 1.23689226365e-08, -6.17949433892e-10, -6.07861864078e-11, 1.86624129744e-12, 1.20692486897e-09, 9.25343918820e-11, -8.13122785965e-12, 1.08099077059e-13, -.0001688713888514
-.0001727089041351, 2.49519074931e-06, 3.77589932736e-07, -9.35259040185e-09, .0000117519900534, -5.35846490220e-07, -2.96426268114e-08, 1.20692486897e-09, 8.05322333527e-06, 1.01331746176e-07, -1.68427185150e-08, 2.04356154942e-10, -.286816697076808
-1.27251960150e-06, 1.82113658189e-07, 2.80425363671e-08, -5.24622906241e-10, 1.03309454151e-07, -4.90934939784e-08, -2.84786327449e-09, 9.25343918820e-11, 1.01331746176e-07, 3.03263219284e-08, -1.06639791174e-09, -7.78374477088e-13, -.0332141465909971
4.07419520932e-07, -4.59646735984e-08, -1.93844432415e-09, 7.07062113994e-11, -2.99795769233e-08, 5.70955538570e-09, 1.62761330509e-10, -8.13122785965e-12, -1.68427185150e-08, -1.06639791174e-09, 9.50159380262e-11, -1.27251619206e-12, .0015981599346985
-3.39973821409e-09, 1.23465336770e-09, 8.73329449635e-12, -1.33378560126e-12, 1.79691950049e-10, -1.15999874906e-10, -1.75129186965e-13, 1.08099077059e-13, 2.04356154942e-10, -7.78374477088e-13, -1.27251619206e-12, 3.63291734926e-14, -.0000139901133496
-2.357145184146198, -1.026755006807773, -.0330485647770099, .0013871668971445, .3430898792939404, .1354232670014133, .0032179660098966, -.0001688713888514, -.286816697076808, -.0332141465909971, .0015981599346985, -.0000139901133496, 66328.92908123834
residvcv
587016.0163540812
