---
oneline: Age‑combined JRA-3Q spec5 results
version: MORTALITY-AGE-COMBINED-JRA_3Q-SPEC5
dependencies: pooled_response_spec5_public_JRA_3Q.ster
description: 4th-order poly OLS; ADM2×Seasonality & ADM0×Year FE
csvv-version: aliabonanno-2025-07-28
variables:
  tavg_poly_1: T1_sum [C]
  tavg_poly_2: T2_sum [C^2]
  tavg_poly_3: T3_sum [C^3]
  tavg_poly_4: T4_sum [C^4]
  deathrate_w99: mortality rate winnowed at 99th percentile
...
observations
 406592
prednames
tavg_poly_1, tavg_poly_2, tavg_poly_3, tavg_poly_4
covarnames

gamma
-.0849947655834712, .0087680171333368, -.0019597670081862, .0000697442911542, .005298669923524, -.0022021323840636, .0001957810554953, -5.00084771259e-06, .0067926885422562, .0008600454970115, -.0000323189055754, -2.29402106347e-07
758.9819931465589
gammavcv
.0389627603960718, -.0023248629239028, -.0001262073421418, 4.98917061011e-06, -.0036618336682542, .000221671628606, .0000119033007105, -4.75531923349e-07, -.0002274527799781, .0000169770580413, 4.91958628798e-07, -2.41287198479e-08, -1.70230016938817
-.0023248629239028, .0004000913973799, 3.34295872644e-06, -3.75210057271e-07, .0002171276424929, -.0000374430476322, -2.91463171441e-07, 3.45182794146e-08, 7.13618144761e-06, -2.43696257937e-06, -1.68577723734e-08, 2.32855894459e-09, .2516334234209807
-.0001262073421418, 3.34295872644e-06, 9.19548258689e-07, -2.83039283394e-08, .0000121333060005, -3.58881327304e-07, -8.82457566223e-08, 2.75626701008e-09, 5.72740696320e-07, 2.73331181444e-08, -6.21720813246e-09, 1.55339481925e-10, -.0045914920234139
4.98917061011e-06, -3.75210057271e-07, -2.83039283394e-08, 1.09361235001e-09, -4.75597835143e-07, 3.58237114391e-08, 2.69605368496e-09, -1.04167746919e-10, -1.75313719030e-08, 1.25851073196e-09, 1.76485209151e-10, -6.30983833515e-12, -.0001032679112678
-.0036618336682542, .0002171276424929, .0000121333060005, -4.75597835143e-07, .0003500281661354, -.0000207575911506, -1.15200155412e-06, 4.54892308168e-08, .0000155861017772, -1.43565402391e-06, -4.54699403033e-08, 2.21529599304e-09, .2150960193560199
.000221671628606, -.0000374430476322, -3.58881327304e-07, 3.58237114391e-08, -.0000207575911506, 3.55038207559e-06, 3.20746780697e-08, -3.36224836724e-09, -8.37766314284e-07, 1.93968565748e-07, 2.85874613843e-09, -2.16981851154e-10, -.0169894877206845
.0000119033007105, -2.91463171441e-07, -8.82457566223e-08, 2.69605368496e-09, -1.15200155412e-06, 3.20746780697e-08, 8.49277571966e-09, -2.63549519982e-10, -4.96847227013e-08, -3.08917649987e-09, 5.90689045239e-10, -1.44413914651e-11, .000445537758976
-4.75531923349e-07, 3.45182794146e-08, 2.75626701008e-09, -1.04167746919e-10, 4.54892308168e-08, -3.36224836724e-09, -2.63549519982e-10, 1.00275421292e-11, 1.85030208870e-09, -6.83257229247e-11, -1.82434713747e-11, 5.85751483817e-13, 9.37905719534e-07
-.0002274527799781, 7.13618144761e-06, 5.72740696320e-07, -1.75313719030e-08, .0000155861017772, -8.37766314284e-07, -4.96847227013e-08, 1.85030208870e-09, 9.62409399680e-06, -1.24948737979e-07, -8.51525377056e-09, 1.51642788630e-10, -.1293128331901243
.0000169770580413, -2.43696257937e-06, 2.73331181444e-08, 1.25851073196e-09, -1.43565402391e-06, 1.93968565748e-07, -3.08917649987e-09, -6.83257229247e-11, -1.24948737979e-07, 5.56685802962e-08, -1.53709913969e-09, -2.76427921604e-12, -.0074919495370433
4.91958628798e-07, -1.68577723734e-08, -6.21720813246e-09, 1.76485209151e-10, -4.54699403033e-08, 2.85874613843e-09, 5.90689045239e-10, -1.82434713747e-11, -8.51525377056e-09, -1.53709913969e-09, 1.12760494644e-10, -1.75163832902e-12, .0004030690341013
-2.41287198479e-08, 2.32855894459e-09, 1.55339481925e-10, -6.30983833515e-12, 2.21529599304e-09, -2.16981851154e-10, -1.44413914651e-11, 5.85751483817e-13, 1.51642788630e-10, -2.76427921604e-12, -1.75163832902e-12, 5.45525393464e-14, -2.63368697313e-06
-1.70230016938817, .2516334234209807, -.0045914920234139, -.0001032679112678, .2150960193560199, -.0169894877206845, .000445537758976, 9.37905719534e-07, -.1293128331901243, -.0074919495370433, .0004030690341013, -2.63368697313e-06, 5280.239276393786
residvcv
2352472.244151873
