---
oneline: Age‑combined GMFD spec5 results
version: MORTALITY-AGE-COMBINED-GMFD-SPEC5
dependencies: pooled_response_spec5_public_car.ster
description: 4th-order poly OLS; ADM2×Seasonality & ADM0×Year FE
csvv-version: aliabonanno-2025-07-28
variables:
  tavg_poly_1: T1_sum [C]
  tavg_poly_2: T2_sum [C^2]
  tavg_poly_3: T3_sum [C^3]
  tavg_poly_4: T4_sum [C^4]
  deathrate_w99: mortality rate winnowed at 99th percentile
...
observations
 411668
prednames
tavg_poly_1, tavg_poly_2, tavg_poly_3, tavg_poly_4
covarnames

gamma
-.3258940938478743, -.0276542432021059, .0022990945616391, -.0000407797255286, .0336586005491383, .0023013261515221, -.000209909098844, 3.93248208007e-06, -.0028703058017577, .000277677108872, -.0000138056360743, 1.94997991525e-07
923.0168080656515
gammavcv
.1332796270442822, .0022509139841545, -.0006527943169992, .0000159184651044, -.0123080208882794, -.0002082753269902, .0000618281101164, -1.51662365898e-06, -.0007442215345969, -8.84815226693e-07, 2.72995379796e-06, -7.12832246864e-08, -10.7171013986192
.0022509139841545, .0004039419521949, -.0000370411152791, 7.66798834548e-07, -.0003303560332574, -.0000381838488066, 3.72173401680e-06, -7.65625856165e-08, .0000863214741011, -5.22450131530e-06, 1.98741608486e-07, -3.49786314093e-09, -.0613776809845753
-.0006527943169992, -.0000370411152791, 5.22253720275e-06, -1.18790365131e-07, .0000702936283931, 3.47162314376e-06, -5.10436864175e-07, 1.15657883029e-08, -4.39121804668e-06, 4.19529194671e-07, -2.61090140347e-08, 5.52275544249e-10, .0385451038865252
.0000159184651044, 7.66798834548e-07, -1.18790365131e-07, 2.75312213561e-09, -1.68747895551e-06, -7.17386016182e-08, 1.15797875752e-08, -2.67243803694e-10, 8.63094841496e-08, -8.86709453015e-09, 5.92067352169e-10, -1.28806903126e-11, -.0009484556546959
-.0123080208882794, -.0003303560332574, .0000702936283931, -1.68747895551e-06, .0013225666343461, .000030025063062, -6.91995389652e-06, 1.65477848338e-07, -.0000786374922588, 6.26600247258e-06, -3.67057787481e-07, 7.78006211620e-09, .6626245801521684
-.0002082753269902, -.0000381838488066, 3.47162314376e-06, -7.17386016182e-08, .000030025063062, 3.67445936592e-06, -3.50844514106e-07, 7.18271943244e-09, -7.48319182270e-06, 4.15906911737e-07, -1.56426984315e-08, 2.88858520812e-10, .0073956847456036
.0000618281101164, 3.72173401680e-06, -5.10436864175e-07, 1.15797875752e-08, -6.91995389652e-06, -3.50844514106e-07, 5.04156736472e-08, -1.13710462515e-09, 6.19374822771e-07, -4.63738214428e-08, 2.50529312904e-09, -5.17779320242e-11, -.0031392178848701
-1.51662365898e-06, -7.65625856165e-08, 1.15657883029e-08, -2.67243803694e-10, 1.65477848338e-07, 7.18271943244e-09, -1.13710462515e-09, 2.61385098657e-11, -1.18569721924e-08, 9.80471652591e-10, -5.74876007922e-11, 1.21607933893e-12, .0000794424185084
-.0007442215345969, .0000863214741011, -4.39121804668e-06, 8.63094841496e-08, -.0000786374922588, -7.48319182270e-06, 6.19374822771e-07, -1.18569721924e-08, .0001225196395876, -5.07799148944e-06, 8.26687190554e-08, -6.51957126967e-10, .2909206075678705
-8.84815226693e-07, -5.22450131530e-06, 4.19529194671e-07, -8.86709453015e-09, 6.26600247258e-06, 4.15906911737e-07, -4.63738214428e-08, 9.80471652591e-10, -5.07799148944e-06, 2.76461681591e-07, -7.24346379053e-09, 8.77648421298e-11, -.011736008609152
2.72995379796e-06, 1.98741608486e-07, -2.61090140347e-08, 5.92067352169e-10, -3.67057787481e-07, -1.56426984315e-08, 2.50529312904e-09, -5.74876007922e-11, 8.26687190554e-08, -7.24346379053e-09, 3.14918596889e-10, -5.15077982170e-12, .0000569766815875
-7.12832246864e-08, -3.49786314093e-09, 5.52275544249e-10, -1.28806903126e-11, 7.78006211620e-09, 2.88858520812e-10, -5.17779320242e-11, 1.21607933893e-12, -6.51957126967e-10, 8.77648421298e-11, -5.15077982170e-12, 9.78937519173e-14, 2.96250471539e-06
-10.7171013986192, -.0613776809845753, .0385451038865252, -.0009484556546959, .6626245801521684, .0073956847456036, -.0031392178848701, .0000794424185084, .2909206075678705, -.011736008609152, .0000569766815875, 2.96250471539e-06, 3126.781391057203
residvcv
2028911.233592626
