---
oneline: Age‑combined GMFD spec5 results
version: MORTALITY-AGE-COMBINED-GMFD-SPEC5
dependencies: pooled_response_spec5_public_GMFD.ster
description: 4th-order poly OLS; ADM2×Seasonality & ADM0×Year FE
csvv-version: aliabonanno-2025-07-28
variables:
  tavg_poly_1: T1_sum [C]
  tavg_poly_2: T2_sum [C^2]
  tavg_poly_3: T3_sum [C^3]
  tavg_poly_4: T4_sum [C^4]
  deathrate_w99: mortality rate winnowed at 99th percentile
...
observations
 406592
prednames
tavg_poly_1, tavg_poly_2, tavg_poly_3, tavg_poly_4
covarnames

gamma
-.4154640138127998, .0225409548129499, -.001878169702894, .0000646626962557, .0410195701445139, -.0034105124764672, .0001785004002137, -4.37278756912e-06, .0053523343783187, .0006375660048664, -.0000165755996015, -5.05256110268e-07
746.6518934365948
gammavcv
.0509600764230775, -.0027277031759155, -.0001077008074903, 4.46974811924e-06, -.0047340335199757, .0002531984798151, 9.67004264880e-06, -4.06606917070e-07, -.0002792575180276, .0000228906464912, 3.93650175806e-07, -2.47735637308e-08, -2.527873874355632
-.0027277031759155, .0006621476903073, -.000019055535573, 9.45038934721e-08, .0002511598618769, -.0000628275980166, 1.90131403019e-06, -1.13702353399e-08, 7.99505307833e-06, -3.29403090901e-06, 6.27989000433e-08, 4.82273917469e-10, .3490325742646353
-.0001077008074903, -.000019055535573, 1.85812315704e-06, -3.81106497784e-08, .0000105937888797, 1.82301763226e-06, -1.79548993730e-07, 3.69776361900e-09, 3.52917556457e-07, 1.05141069861e-07, -8.85516208215e-09, 1.73915162879e-10, -.0072964206846249
4.46974811924e-06, 9.45038934721e-08, -3.81106497784e-08, 9.90908525580e-10, -4.28173269782e-07, -9.85665530892e-09, 3.64210000830e-09, -9.38901948016e-11, -1.21992614481e-08, -4.57669015886e-10, 1.90760912587e-10, -5.26228610095e-12, -.0001114999179368
-.0047340335199757, .0002511598618769, .0000105937888797, -4.28173269782e-07, .000446516196958, -.0000234470222897, -9.64189980299e-07, 3.93581981998e-08, .0000190952744345, -1.86922762110e-06, -3.89186421149e-08, 2.24188798564e-09, .3131800424971214
.0002531984798151, -.0000628275980166, 1.82301763226e-06, -9.85665530892e-09, -.0000234470222897, 5.99661811707e-06, -1.81312429410e-07, 1.10867572929e-09, -7.27392582858e-07, 2.79282257394e-07, -5.01125131029e-09, -3.98194562108e-11, -.0275796277074065
9.67004264880e-06, 1.90131403019e-06, -1.79548993730e-07, 3.64210000830e-09, -9.64189980299e-07, -1.81312429410e-07, 1.73888474114e-08, -3.54979436934e-10, -2.52945253139e-08, -1.10002504196e-08, 8.55018665397e-10, -1.62019594756e-11, .0007794661182811
-4.06606917070e-07, -1.13702353399e-08, 3.69776361900e-09, -9.38901948016e-11, 3.93581981998e-08, 1.10867572929e-09, -3.54979436934e-10, 9.00862553697e-12, 1.03258858595e-09, 1.05345689645e-10, -1.97194387724e-11, 4.85333120440e-13, 1.20646719990e-07
-.0002792575180276, 7.99505307833e-06, 3.52917556457e-07, -1.21992614481e-08, .0000190952744345, -7.27392582858e-07, -2.52945253139e-08, 1.03258858595e-09, .0000116451309088, -3.23294816752e-07, -3.94800446755e-09, 1.76344926737e-10, -.1697733965807035
.0000228906464912, -3.29403090901e-06, 1.05141069861e-07, -4.57669015886e-10, -1.86922762110e-06, 2.79282257394e-07, -1.10002504196e-08, 1.05345689645e-10, -3.23294816752e-07, 6.87664331331e-08, -2.15871580620e-09, 8.60895177225e-12, -.0070250277867191
3.93650175806e-07, 6.27989000433e-08, -8.85516208215e-09, 1.90760912587e-10, -3.89186421149e-08, -5.01125131029e-09, 8.55018665397e-10, -1.97194387724e-11, -3.94800446755e-09, -2.15871580620e-09, 1.33372957232e-10, -1.92973118907e-12, .0004617205843319
-2.47735637308e-08, 4.82273917469e-10, 1.73915162879e-10, -5.26228610095e-12, 2.24188798564e-09, -3.98194562108e-11, -1.62019594756e-11, 4.85333120440e-13, 1.76344926737e-10, 8.60895177225e-12, -1.92973118907e-12, 4.92992589528e-14, -3.98666751829e-06
-2.527873874355632, .3490325742646353, -.0072964206846249, -.0001114999179368, .3131800424971214, -.0275796277074065, .0007794661182811, 1.20646719990e-07, -.1697733965807035, -.0070250277867191, .0004617205843319, -3.98666751829e-06, 6631.293066573005
residvcv
2352491.194793254
