---
oneline: Age-combined GMFD spec5 results
version: MORTALITY-AGE-COMBINED-GMFD-SPEC5
dependencies: pooled_response_spec5_public_GMFD.ster
description: 4th-order poly OLS; ADM2×Seasonality & ADM0×Year FE
csvv-version: aliabonanno-2025-07-28
variables:
  tavg_poly_1: T1_sum [C]
  tavg_poly_2: T2_sum [C^2]
  tavg_poly_3: T3_sum [C^3]
  tavg_poly_4: T4_sum [C^4]
  deathrate_w99: mortality rate winnowed at 99th percentile
...
observations
 547609
prednames
tavg_poly_1, tavg_poly_2, tavg_poly_3, tavg_poly_4
coefnames
tavg_poly_1_GMFD, tavg_poly_2_GMFD, tavg_poly_3_GMFD, tavg_poly_4_GMFD, c.tavg_poly_1_GMFD#c.loggdppc_adm1_avg, c.tavg_poly_2_GMFD#c.loggdppc_adm1_avg, c.tavg_poly_3_GMFD#c.loggdppc_adm1_avg, c.tavg_poly_4_GMFD#c.loggdppc_adm1_avg, c.tavg_poly_1_GMFD#c.lr_tavg_GMFD_adm1_avg, c.tavg_poly_2_GMFD#c.lr_tavg_GMFD_adm1_avg, c.tavg_poly_3_GMFD#c.lr_tavg_GMFD_adm1_avg, c.tavg_poly_4_GMFD#c.lr_tavg_GMFD_adm1_avg, _cons
covarnames
Exposure: 13-month; FE: as Spec2; Controls: ADM0×prcp_poly_{1,2} (GMFD)
# note: gamma includes the intercept (_cons) as the last entry
gamma
-.2706283380159101, .0129838381183498, -.0012379832720812, .0000322217578569, .025652447790187, -.0017408656996392, .0001133550166928, -2.50314271806e-06, .0046413423471974, .0000423428938963, .0000102248055397, -3.99425020249e-07
432.4684979030547
gammavcv
.0354606428877739, .0004623677479471, -.0001943348103151, 4.36484248177e-06, -.0033089573300712, -.000038636791414, .0000182315848625, -4.20120808502e-07, -.0002456570281645, -.0000117282499465, 1.66581882505e-06, -3.13273783812e-08, 9.177634808193304
.0004623677479471, .000382378748427, -.0000222519710437, 3.22963568400e-07, -.0000543629434328, -.0000360596201251, 2.17857254680e-06, -3.31187855068e-08, 1.65279684768e-06, -2.15414272991e-06, 9.02348990633e-08, -6.91964029611e-10, -.7611272558035997
-.0001943348103151, -.0000222519710437, 2.35139669659e-06, -4.45728938307e-08, .0000187757291113, 2.05454032851e-06, -2.25939592860e-07, 4.41360233344e-09, 1.20420429408e-06, 1.99830444363e-07, -1.54972523668e-08, 2.39130566540e-10, -.0725877572939149
4.36484248177e-06, 3.22963568400e-07, -4.45728938307e-08, 9.08530176007e-10, -4.14525367256e-07, -2.93577564518e-08, 4.25692094417e-09, -8.91015230055e-11, -3.26350168918e-08, -3.69566463681e-09, 3.33437591248e-10, -5.65732909303e-12, .0024493363077873
-.0033089573300712, -.0000543629434328, .0000187757291113, -4.14525367256e-07, .0003157423007798, 4.70002784746e-06, -1.77907388474e-06, 4.02457920548e-08, .0000154038944546, 1.15759615906e-06, -1.42200237151e-07, 2.59509208481e-09, -.5765997728744208
-.000038636791414, -.0000360596201251, 2.05454032851e-06, -2.93577564518e-08, 4.70002784746e-06, 3.43108949473e-06, -2.01418625141e-07, 2.98645896395e-09, -3.58425557380e-07, 1.73405047120e-07, -6.83600026406e-09, 4.78246966992e-11, .0945576274408663
.0000182315848625, 2.17857254680e-06, -2.25939592860e-07, 4.25692094417e-09, -1.77907388474e-06, -2.01418625141e-07, 2.17751393443e-08, -4.22928436504e-10, -9.70010323891e-08, -1.90438999959e-08, 1.41650750138e-09, -2.13522564652e-11, .0063122147753026
-4.20120808502e-07, -3.31187855068e-08, 4.41360233344e-09, -8.91015230055e-11, 4.02457920548e-08, 2.98645896395e-09, -4.22928436504e-10, 8.82071420074e-12, 2.97377834159e-09, 3.91440438533e-10, -3.28379856932e-11, 5.29462013935e-13, -.0002373984627217
-.0002456570281645, 1.65279684768e-06, 1.20420429408e-06, -3.26350168918e-08, .0000154038944546, -3.58425557380e-07, -9.70010323891e-08, 2.97377834159e-09, .0000121648302603, 1.26402449490e-07, -3.41223091045e-08, 6.69138003822e-10, -.5389138529954737
-.0000117282499465, -2.15414272991e-06, 1.99830444363e-07, -3.69566463681e-09, 1.15759615906e-06, 1.73405047120e-07, -1.90438999959e-08, 3.91440438533e-10, 1.26402449490e-07, 5.51473542879e-08, -3.03464818488e-09, 3.68110372430e-11, -.0224001237365806
1.66581882505e-06, 9.02348990633e-08, -1.54972523668e-08, 3.33437591248e-10, -1.42200237151e-07, -6.83600026406e-09, 1.41650750138e-09, -3.28379856932e-11, -3.41223091045e-08, -3.03464818488e-09, 2.66687070077e-10, -4.33473179304e-12, .0022367620892136
-3.13273783812e-08, -6.91964029611e-10, 2.39130566540e-10, -5.65732909303e-12, 2.59509208481e-09, 4.78246966992e-11, -2.13522564652e-11, 5.29462013935e-13, 6.69138003822e-10, 3.68110372430e-11, -4.33473179304e-12, 8.18202566482e-14, -.0000396549733253
9.177634808193304, -.7611272558035997, -.0725877572939149, .0024493363077873, -.5765997728744208, .0945576274408663, .0063122147753026, -.0002373984627217, -.5389138529954737, -.0224001237365806, .0022367620892136, -.0000396549733253, 55059.94688027326
residvcv
585483.6480231726
