---
oneline: Age‑combined ERA5 spec5 results
version: MORTALITY-AGE-COMBINED-ERA5-SPEC5
dependencies: pooled_response_spec5_public_ERA5.ster
description: 4th-order poly OLS; ADM2×Seasonality & ADM0×Year FE
csvv-version: aliabonanno-2025-07-28
variables:
  tavg_poly_1: T1_sum [C]
  tavg_poly_2: T2_sum [C^2]
  tavg_poly_3: T3_sum [C^3]
  tavg_poly_4: T4_sum [C^4]
  deathrate_w99: mortality rate winnowed at 99th percentile
...
observations
 406592
prednames
tavg_poly_1, tavg_poly_2, tavg_poly_3, tavg_poly_4
covarnames

gamma
-.1395818247601218, .0069355235426457, -.0014304001716719, .0000633625776983, .0098517335816228, -.002158315736448, .0001454884370234, -4.21115854885e-06, .0082244097367679, .0010791083918454, -.0000449741515943, -1.06260144703e-07
664.9501800885283
gammavcv
.0390988101456209, -.0023338301175188, -.0001252921693069, 4.82441145389e-06, -.0037515743692858, .0002247020427162, .0000118746635449, -4.63308669844e-07, -.0001298717906858, .000010263929443, 6.22999448390e-07, -2.30517454390e-08, -1.507655274800473
-.0023338301175188, .0003974348915074, 2.96639717218e-06, -3.56292528856e-07, .0002209501213111, -.0000372892856352, -2.60580211106e-07, 3.29091460036e-08, 5.46918867591e-06, -2.12810201734e-06, -2.32970015043e-08, 2.26211971890e-09, .1365338917026793
-.0001252921693069, 2.96639717218e-06, 8.11849909220e-07, -2.42267018156e-08, .0000123706290089, -3.18249525004e-07, -7.77321242313e-08, 2.35761281770e-09, 5.16206571437e-08, 3.44631872518e-08, -5.31726037625e-09, 1.25564123539e-10, .0035494901013818
4.82441145389e-06, -3.56292528856e-07, -2.42267018156e-08, 9.41858049860e-10, -4.68619041648e-07, 3.39357835025e-08, 2.30178066346e-09, -8.95795054696e-11, -4.39901805948e-09, 9.49360914688e-10, 1.49960286290e-10, -5.28267031338e-12, -.0002116910821393
-.0037515743692858, .0002209501213111, .0000123706290089, -4.68619041648e-07, .0003654126379725, -.000021382217844, -1.17949622070e-06, 4.52007573448e-08, 7.25082027536e-06, -8.14834961254e-07, -5.86895981142e-08, 2.11705618968e-09, .1951682483272115
.0002247020427162, -.0000372892856352, -3.18249525004e-07, 3.39357835025e-08, -.000021382217844, 3.54339530383e-06, 2.86037412308e-08, -3.19539046300e-09, -6.04778952288e-07, 1.65295874097e-07, 3.39202790041e-09, -2.10267508453e-10, -.0079830752414921
.0000118746635449, -2.60580211106e-07, -7.77321242313e-08, 2.30178066346e-09, -1.17949622070e-06, 2.86037412308e-08, 7.46421719811e-09, -2.24888032798e-10, -1.22231372537e-09, -3.55350303402e-09, 4.94758192025e-10, -1.14471123544e-11, -.0003203252342313
-4.63308669844e-07, 3.29091460036e-08, 2.35761281770e-09, -8.95795054696e-11, 4.52007573448e-08, -3.19539046300e-09, -2.24888032798e-10, 8.61557979309e-12, 5.43854607299e-10, -4.51936230169e-11, -1.54020684951e-11, 4.85027117127e-13, .0000130139219111
-.0001298717906858, 5.46918867591e-06, 5.16206571437e-08, -4.39901805948e-09, 7.25082027536e-06, -6.04778952288e-07, -1.22231372537e-09, 5.43854607299e-10, 7.90725233201e-06, -1.09509721283e-07, -6.41218243931e-09, 1.21600334991e-10, -.1203212656931456
.000010263929443, -2.12810201734e-06, 3.44631872518e-08, 9.49360914688e-10, -8.14834961254e-07, 1.65295874097e-07, -3.55350303402e-09, -4.51936230169e-11, -1.09509721283e-07, 5.03769782658e-08, -1.47556007241e-09, -1.12147564443e-12, -.0045470675364459
6.22999448390e-07, -2.32970015043e-08, -5.31726037625e-09, 1.49960286290e-10, -5.86895981142e-08, 3.39202790041e-09, 4.94758192025e-10, -1.54020684951e-11, -6.41218243931e-09, -1.47556007241e-09, 1.11845633491e-10, -1.75481962736e-12, .0002785192501558
-2.30517454390e-08, 2.26211971890e-09, 1.25564123539e-10, -5.28267031338e-12, 2.11705618968e-09, -2.10267508453e-10, -1.14471123544e-11, 4.85027117127e-13, 1.21600334991e-10, -1.12147564443e-12, -1.75481962736e-12, 5.22690702449e-14, -1.94691209401e-06
-1.507655274800473, .1365338917026793, .0035494901013818, -.0002116910821393, .1951682483272115, -.0079830752414921, -.0003203252342313, .0000130139219111, -.1203212656931456, -.0045470675364459, .0002785192501558, -1.94691209401e-06, 4393.089226667568
residvcv
2352453.410972788
