---
oneline: Age‑combined ERA5 spec5 results
version: MORTALITY-AGE-COMBINED-ERA5-SPEC5
dependencies: pooled_response_spec5_public_ERA5.ster
description: 4th-order poly OLS; ADM2×Seasonality & ADM0×Year FE
csvv-version: aliabonanno-2025-07-28
variables:
  tavg_poly_1: T1_sum [C]
  tavg_poly_2: T2_sum [C^2]
  tavg_poly_3: T3_sum [C^3]
  tavg_poly_4: T4_sum [C^4]
  deathrate_w99: mortality rate winnowed at 99th percentile
...
observations
 406592
prednames
tavg_poly_1, tavg_poly_2, tavg_poly_3, tavg_poly_4
covarnames

gamma
-.1393667080295878, .0069139798421847, -.001429608408766, .000063351627075, .0098272655848571, -.0021560211998432, .0001454192347686, -4.21040337177e-06, .0082259480925684, .0010791118598705, -.0000449849085674, -1.05973949947e-07
664.9358744811494
gammavcv
.0391075521991194, -.002334315878726, -.0001253043384541, 4.82498354037e-06, -.0037525730921163, .0002247546963287, .0000118759628449, -4.63370426076e-07, -.0001297606569694, .0000102567428841, 6.23262902898e-07, -2.30552298347e-08, -1.508589066687701
-.002334315878726, .0003973585951428, 2.96845674874e-06, -3.56287062028e-07, .0002210159699946, -.0000372826814365, -2.60808336893e-07, 3.29095720676e-08, 5.45684596157e-06, -2.12676002861e-06, -2.33177752058e-08, 2.26195471114e-09, .1365261434049963
-.0001253043384541, 2.96845674874e-06, 8.11905980811e-07, -2.42294430719e-08, .0000123717495662, -3.18448887672e-07, -7.77368304112e-08, 2.35786568473e-09, 5.15625578634e-08, 3.44706939197e-08, -5.31895961159e-09, 1.25604654996e-10, .0035545350029738
4.82498354037e-06, -3.56287062028e-07, -2.42294430719e-08, 9.41910612939e-10, -4.68684476553e-07, 3.39359174015e-08, 2.30204579142e-09, -8.95850291406e-11, -4.39097323853e-09, 9.48223162854e-10, 1.50017929998e-10, -5.28349825527e-12, -.0002117884698923
-.0037525730921163, .0002210159699946, .0000123717495662, -4.68684476553e-07, .0003655305310397, -.000021389030535, -1.17961909633e-06, 4.52075019606e-08, 7.23318777772e-06, -8.14151803039e-07, -5.87115875230e-08, 2.11744258009e-09, .1953693707792271
.0002247546963287, -.0000372826814365, -3.18448887672e-07, 3.39359174015e-08, -.000021389030535, 3.54281436591e-06, 2.86254869381e-08, -3.19547117444e-09, -6.03603405211e-07, 1.65182896505e-07, 3.39378918676e-09, -2.10258849051e-10, -.0079859739304329
.0000118759628449, -2.60808336893e-07, -7.77368304112e-08, 2.30204579142e-09, -1.17961909633e-06, 2.86254869381e-08, 7.46460696319e-09, -2.24912168115e-10, -1.21436894067e-09, -3.55378170518e-09, 4.94903506285e-10, -1.14509085067e-11, -.0003208856624005
-4.63370426076e-07, 3.29095720676e-08, 2.35786568473e-09, -8.95850291406e-11, 4.52075019606e-08, -3.19547117444e-09, -2.24912168115e-10, 8.61612625952e-12, 5.43221719987e-10, -4.51115598254e-11, -1.54070574140e-11, 4.85111970837e-13, .0000130257707333
-.0001297606569694, 5.45684596157e-06, 5.15625578634e-08, -4.39097323853e-09, 7.23318777772e-06, -6.03603405211e-07, -1.21436894067e-09, 5.43221719987e-10, 7.91464504915e-06, -1.09636358737e-07, -6.41098705477e-09, 1.21522964727e-10, -.1204242241833466
.0000102567428841, -2.12676002861e-06, 3.44706939197e-08, 9.48223162854e-10, -8.14151803039e-07, 1.65182896505e-07, -3.55378170518e-09, -4.51115598254e-11, -1.09636358737e-07, 5.03637922880e-08, -1.47558173842e-09, -1.10806879892e-12, -.0045407456274754
6.23262902898e-07, -2.33177752058e-08, -5.31895961159e-09, 1.50017929998e-10, -5.87115875230e-08, 3.39378918676e-09, 4.94903506285e-10, -1.54070574140e-11, -6.41098705477e-09, -1.47558173842e-09, 1.11872749219e-10, -1.75555585116e-12, .000278375586257
-2.30552298347e-08, 2.26195471114e-09, 1.25604654996e-10, -5.28349825527e-12, 2.11744258009e-09, -2.10258849051e-10, -1.14509085067e-11, 4.85111970837e-13, 1.21522964727e-10, -1.10806879892e-12, -1.75555585116e-12, 5.22793626875e-14, -1.94582389666e-06
-1.508589066687701, .1365261434049963, .0035545350029738, -.0002117884698923, .1953693707792271, -.0079859739304329, -.0003208856624005, .0000130257707333, -.1204242241833466, -.0045407456274754, .000278375586257, -1.94582389666e-06, 4393.601117630727
residvcv
2352453.406929516
