---
oneline: Age-combined MERRA2 spec5 results
version: MORTALITY-AGE-COMBINED-MERRA2-SPEC5
dependencies: pooled_response_spec5_public_MERRA2.ster
description: 4th-order poly OLS; ADM2×Seasonality & ADM0×Year FE
csvv-version: aliabonanno-2025-07-28
variables:
  tavg_poly_1: T1_sum [C]
  tavg_poly_2: T2_sum [C^2]
  tavg_poly_3: T3_sum [C^3]
  tavg_poly_4: T4_sum [C^4]
  deathrate_w99: mortality rate winnowed at 99th percentile
...
observations
 542862
prednames
tavg_poly_1, tavg_poly_2, tavg_poly_3, tavg_poly_4
coefnames
tavg_poly_1_MERRA2, tavg_poly_2_MERRA2, tavg_poly_3_MERRA2, tavg_poly_4_MERRA2, c.tavg_poly_1_MERRA2#c.loggdppc_adm1_avg, c.tavg_poly_2_MERRA2#c.loggdppc_adm1_avg, c.tavg_poly_3_MERRA2#c.loggdppc_adm1_avg, c.tavg_poly_4_MERRA2#c.loggdppc_adm1_avg, c.tavg_poly_1_MERRA2#c.lr_tavg_MERRA2_adm1_avg, c.tavg_poly_2_MERRA2#c.lr_tavg_MERRA2_adm1_avg, c.tavg_poly_3_MERRA2#c.lr_tavg_MERRA2_adm1_avg, c.tavg_poly_4_MERRA2#c.lr_tavg_MERRA2_adm1_avg, _cons
covarnames
Exposure: 13-month; FE: as Spec2; Controls: ADM0×prcp_poly_{1,2} (MERRA2)
# note: gamma includes the intercept (_cons) as the last entry
gamma
-.067930708786183, .0111546018501002, -.0015467439988704, .0000335054021571, .0055364745803274, -.0015292831707806, .0001436649455635, -2.75639331785e-06, .0029656425146608, .0001292641906046, 4.64864317914e-06, -2.34686473075e-07
613.3697469790347
gammavcv
.0258654261398295, .0002360393780291, -.0000879029347635, 1.93259471300e-06, -.002426314057449, -.0000200706891207, 8.18306961366e-06, -1.88840781746e-07, -.0002158213838272, -1.51787746636e-07, 8.45219453908e-07, -1.79964498476e-08, -11.10353791206604
.0002360393780291, .0001134273484361, -3.68762751454e-06, 2.41902785167e-08, -.0000265504929693, -.000010976469039, 3.57847933894e-07, -2.59500116574e-09, 2.33545908078e-06, -2.64193885790e-07, 7.39593571522e-09, 5.92625309445e-11, -1.617389524146645
-.0000879029347635, -3.68762751454e-06, 5.85384297054e-07, -1.18950152768e-08, 8.22833769467e-06, 3.01671041373e-07, -5.56361722780e-08, 1.20028400859e-09, 1.03591831108e-06, 5.84868546186e-08, -5.95227424749e-09, 9.81430313720e-11, -.0346601191600839
1.93259471300e-06, 2.41902785167e-08, -1.18950152768e-08, 2.78783703997e-10, -1.77412169175e-07, -1.25621149011e-09, 1.12178623232e-09, -2.75791707115e-11, -2.69463550438e-08, -1.05333079463e-09, 1.40041929175e-10, -2.67059500125e-12, .0015371170105554
-.002426314057449, -.0000265504929693, 8.22833769467e-06, -1.77412169175e-07, .0002327801336439, 2.47407987760e-06, -7.75698065655e-07, 1.73787672111e-08, .0000140816752801, -5.04391864402e-08, -6.61563990877e-08, 1.46165653997e-09, 1.420773793816513
-.0000200706891207, -.000010976469039, 3.01671041373e-07, -1.25621149011e-09, 2.47407987760e-06, 1.11152353185e-06, -2.93485394307e-08, 9.28054006763e-11, -6.52171135970e-07, -1.38344691700e-08, 1.17107636439e-09, -1.68568698672e-11, .2142277701088096
8.18306961366e-06, 3.57847933894e-07, -5.56361722780e-08, 1.12178623232e-09, -7.75698065655e-07, -2.93485394307e-08, 5.32166815298e-09, -1.13956380040e-10, -8.83102750779e-08, -5.72124709305e-09, 5.39757673116e-10, -8.63443790310e-12, .0033499640638098
-1.88840781746e-07, -2.59500116574e-09, 1.20028400859e-09, -2.75791707115e-11, 1.73787672111e-08, 9.28054006763e-11, -1.13956380040e-10, 2.80867329661e-12, 2.85722020557e-09, 1.44719399670e-10, -1.50139830748e-11, 2.53235249836e-13, -.0001969852705711
-.0002158213838272, 2.33545908078e-06, 1.03591831108e-06, -2.69463550438e-08, .0000140816752801, -6.52171135970e-07, -8.83102750779e-08, 2.85722020557e-09, .000011549767994, 2.37912637349e-07, -3.17568980804e-08, 5.02301691883e-10, -.6473291715473044
-1.51787746636e-07, -2.64193885790e-07, 5.84868546186e-08, -1.05333079463e-09, -5.04391864402e-08, -1.38344691700e-08, -5.72124709305e-09, 1.44719399670e-10, 2.37912637349e-07, 3.91160542432e-08, -1.68107420463e-09, 1.01654576460e-11, -.0490885824721752
8.45219453908e-07, 7.39593571522e-09, -5.95227424749e-09, 1.40041929175e-10, -6.61563990877e-08, 1.17107636439e-09, 5.39757673116e-10, -1.50139830748e-11, -3.17568980804e-08, -1.68107420463e-09, 1.48008230179e-10, -2.18589097886e-12, .0023021640359019
-1.79964498476e-08, 5.92625309445e-11, 9.81430313720e-11, -2.67059500125e-12, 1.46165653997e-09, -1.68568698672e-11, -8.63443790310e-12, 2.53235249836e-13, 5.02301691883e-10, 1.01654576460e-11, -2.18589097886e-12, 4.63589269242e-14, -.0000182706569763
-11.10353791206604, -1.617389524146645, -.0346601191600839, .0015371170105554, 1.420773793816513, .2142277701088096, .0033499640638098, -.0001969852705711, -.6473291715473044, -.0490885824721752, .0023021640359019, -.0000182706569763, 135253.3916641068
residvcv
569398.0829831397
