---
oneline: Age‑combined GMFD spec5 results
version: MORTALITY-AGE-COMBINED-GMFD-SPEC5
dependencies: pooled_response_spec5_public_GMFD.ster
description: 4th-order poly OLS; ADM2×Seasonality & ADM0×Year FE
csvv-version: aliabonanno-2025-07-28
variables:
  tavg_poly_1: T1_sum [C]
  tavg_poly_2: T2_sum [C^2]
  tavg_poly_3: T3_sum [C^3]
  tavg_poly_4: T4_sum [C^4]
  deathrate_w99: mortality rate winnowed at 99th percentile
...
observations
 406592
prednames
tavg_poly_1, tavg_poly_2, tavg_poly_3, tavg_poly_4
covarnames

gamma
-.4154639166481674, .0225410092271415, -.0018781750420902, .0000646628153817, .0410195576988029, -.0034105171090502, .0001785009106812, -4.37279958547e-06, .0053523356916293, .0006375645865971, -.0000165755152039, -5.05257429121e-07
746.6520602031477
gammavcv
.0509600863518024, -.0027277036068197, -.000107700833397, 4.46974926275e-06, -.0047340345987385, .0002531985202429, 9.67004542346e-06, -4.06607032164e-07, -.0002792573666878, .0000228906536847, 3.93649516163e-07, -2.47735536943e-08, -2.527879845598701
-.0027277036068197, .0006621477959299, -.0000190555458598, 9.45041085492e-08, .0002511598899297, -.0000628276078497, 1.90131503333e-06, -1.13702568627e-08, 7.99507685220e-06, -3.29403453506e-06, 6.27990782949e-08, 4.82271429615e-10, .3490329649587918
-.000107700833397, -.0000190555458598, 1.85812443484e-06, -3.81106791773e-08, .0000105937932385, 1.82301863169e-06, -1.79549119256e-07, 3.69776650078e-09, 3.52914608500e-07, 1.05141292568e-07, -8.85517167224e-09, 1.73915308078e-10, -.0072964060800825
4.46974926275e-06, 9.45041085492e-08, -3.81106791773e-08, 9.90909229446e-10, -4.28173422699e-07, -9.85667668116e-09, 3.64210289706e-09, -9.38902631080e-11, -1.21991957331e-08, -4.57672358276e-10, 1.90761042602e-10, -5.26228837666e-12, -.0001115006798883
-.0047340345987385, .0002511598899297, .0000105937932385, -4.28173422699e-07, .0004465163115257, -.000023447024736, -9.64190419988e-07, 3.93582130643e-08, .000019095260414, -1.86922834997e-06, -3.89185866692e-08, 2.24188728654e-09, .313180628809302
.0002531985202429, -.0000628276078497, 1.82301863169e-06, -9.85667668116e-09, -.000023447024736, 5.99661900520e-06, -1.81312527315e-07, 1.10867790764e-09, -7.27394912494e-07, 2.79282628325e-07, -5.01126930732e-09, -3.98192111731e-11, -.0275796660056382
9.67004542346e-06, 1.90131503333e-06, -1.79549119256e-07, 3.64210289706e-09, -9.64190419988e-07, -1.81312527315e-07, 1.73888597428e-08, -3.54979719902e-10, -2.52942490334e-08, -1.10002712950e-08, 8.55019578785e-10, -1.62019734992e-11, .0007794647277329
-4.06607032164e-07, -1.13702568627e-08, 3.69776650078e-09, -9.38902631080e-11, 3.93582130643e-08, 1.10867790764e-09, -3.54979719902e-10, 9.00863212114e-12, 1.03258245903e-09, 1.05345971539e-10, -1.97194497882e-11, 4.85333327346e-13, 1.20721456361e-07
-.0002792573666878, 7.99507685220e-06, 3.52914608500e-07, -1.21991957331e-08, .000019095260414, -7.27394912494e-07, -2.52942490334e-08, 1.03258245903e-09, .0000116451300738, -3.23294986729e-07, -3.94798225802e-09, 1.76344442231e-10, -.169773374840814
.0000228906536847, -3.29403453506e-06, 1.05141292568e-07, -4.57672358276e-10, -1.86922834997e-06, 2.79282628325e-07, -1.10002712950e-08, 1.05345971539e-10, -3.23294986729e-07, 6.87664655223e-08, -2.15871792869e-09, 8.60898984329e-12, -.0070250346559181
3.93649516163e-07, 6.27990782949e-08, -8.85517167224e-09, 1.90761042602e-10, -3.89185866692e-08, -5.01126930732e-09, 8.55019578785e-10, -1.97194497882e-11, -3.94798225802e-09, -2.15871792869e-09, 1.33373050256e-10, -1.92973256779e-12, .0004617207900375
-2.47735536943e-08, 4.82271429615e-10, 1.73915308078e-10, -5.26228837666e-12, 2.24188728654e-09, -3.98192111731e-11, -1.62019734992e-11, 4.85333327346e-13, 1.76344442231e-10, 8.60898984329e-12, -1.92973256779e-12, 4.92992767888e-14, -3.98666831070e-06
-2.527879845598701, .3490329649587918, -.0072964060800825, -.0001115006798883, .313180628809302, -.0275796660056382, .0007794647277329, 1.20721456361e-07, -.169773374840814, -.0070250346559181, .0004617207900375, -3.98666831070e-06, 6631.29503531312
residvcv
2352491.194811153
