---
oneline: Age‑combined GMFD spec5 results
version: MORTALITY-AGE-COMBINED-GMFD-SPEC5
dependencies: pooled_response_spec5_public_GMFD.ster
description: 4th-order poly OLS; ADM2×Seasonality & ADM0×Year FE
csvv-version: aliabonanno-2025-07-28
variables:
  tavg_poly_1: T1_sum [C]
  tavg_poly_2: T2_sum [C^2]
  tavg_poly_3: T3_sum [C^3]
  tavg_poly_4: T4_sum [C^4]
  deathrate_w99: mortality rate winnowed at 99th percentile
...
observations
 406592
prednames
tavg_poly_1, tavg_poly_2, tavg_poly_3, tavg_poly_4
coefnames
tavg_poly_1_GMFD, tavg_poly_2_GMFD, tavg_poly_3_GMFD, tavg_poly_4_GMFD, c.tavg_poly_1_GMFD#c.loggdppc_adm1_avg, c.tavg_poly_2_GMFD#c.loggdppc_adm1_avg, c.tavg_poly_3_GMFD#c.loggdppc_adm1_avg, c.tavg_poly_4_GMFD#c.loggdppc_adm1_avg, c.tavg_poly_1_GMFD#c.lr_tavg_GMFD_adm1_avg, c.tavg_poly_2_GMFD#c.lr_tavg_GMFD_adm1_avg, c.tavg_poly_3_GMFD#c.lr_tavg_GMFD_adm1_avg, c.tavg_poly_4_GMFD#c.lr_tavg_GMFD_adm1_avg, _cons
covarnames
Exposure: 13-month; FE: as Spec2; Controls: ADM0×prcp_poly_{1,2} (GMFD)
# note: gamma includes the intercept (_cons) as the last entry
gamma
-.4156574242399768, .0225519890553647, -.0018784876033483, .0000646682314498, .0410430788658536, -.0034117898280113, .0001785172430316, -4.37278235975e-06, .0053482081909894, .0006376190848054, -.0000165615766062, -5.05667238227e-07
746.7550820416607
gammavcv
.0509462932701796, -.0027268987994382, -.0001077048044988, 4.46954776025e-06, -.004732518103715, .0002531132281479, 9.67009603257e-06, -4.06572916844e-07, -.0002793531770575, .0000228962718302, 3.93591534227e-07, -2.47758552451e-08, -2.526740759145657
-.0027268987994382, .0006621929279681, -.0000190598205153, 9.45795688007e-08, .0002510470296825, -.0000628310761153, 1.90178841152e-06, -1.13793718267e-08, 8.02355684156e-06, -3.29598594215e-06, 6.28356812791e-08, 4.82235608476e-10, .3489350415113219
-.0001077048044988, -.0000190598205153, 1.85840677090e-06, -3.81154090908e-08, .0000105952533559, 1.82341243792e-06, -1.79578364551e-07, 3.69827284424e-09, 3.51824006251e-07, 1.05202668275e-07, -8.85600615739e-09, 1.73911395877e-10, -.0072882892636906
4.46954776025e-06, 9.45795688007e-08, -3.81154090908e-08, 9.90985439494e-10, -4.28160082180e-07, -9.86402686294e-09, 3.64257102910e-09, -9.38977821932e-11, -1.21891297849e-08, -4.58020311378e-10, 1.90761663752e-10, -5.26217583088e-12, -.0001116694093168
-.004732518103715, .0002510470296825, .0000105952533559, -4.28160082180e-07, .0004463472057479, -.0000234355976202, -9.64303471328e-07, 3.93559147964e-08, .0000191107201042, -1.86963756609e-06, -3.89180155436e-08, 2.24203324142e-09, .3129453518474608
.0002531132281479, -.0000628310761153, 1.82341243792e-06, -9.86402686294e-09, -.0000234355976202, 5.99688391270e-06, -1.81355680360e-07, 1.10953114815e-09, -7.29944404490e-07, 2.79449506320e-07, -5.01459249865e-09, -3.98073387603e-11, -.0275706150345855
9.67009603257e-06, 1.90178841152e-06, -1.79578364551e-07, 3.64257102910e-09, -9.64303471328e-07, -1.81355680360e-07, 1.73918975841e-08, -3.55031062893e-10, -2.51846084796e-08, -1.10073148667e-08, 8.55127148351e-10, -1.62014951949e-11, .0007787604347329
-4.06572916844e-07, -1.13793718267e-08, 3.69827284424e-09, -9.38977821932e-11, 3.93559147964e-08, 1.10953114815e-09, -3.55031062893e-10, 9.00943837497e-12, 1.03118422208e-09, 1.05427296328e-10, -1.97201956544e-11, 4.85309831624e-13, 1.37681379253e-07
-.0002793531770575, 8.02355684156e-06, 3.51824006251e-07, -1.21891297849e-08, .0000191107201042, -7.29944404490e-07, -2.51846084796e-08, 1.03118422208e-09, .0000116368286622, -3.23286641024e-07, -3.94737564499e-09, 1.76472299640e-10, -.1696461457409693
.0000228962718302, -3.29598594215e-06, 1.05202668275e-07, -4.58020311378e-10, -1.86963756609e-06, 2.79449506320e-07, -1.10073148667e-08, 1.05427296328e-10, -3.23286641024e-07, 6.87853726071e-08, -2.15864412622e-09, 8.59199985971e-12, -.0070279554551471
3.93591534227e-07, 6.28356812791e-08, -8.85600615739e-09, 1.90761663752e-10, -3.89180155436e-08, -5.01459249865e-09, 8.55127148351e-10, -1.97201956544e-11, -3.94737564499e-09, -2.15864412622e-09, 1.33345921743e-10, -1.92909711540e-12, .0004617167930522
-2.47758552451e-08, 4.82235608476e-10, 1.73911395877e-10, -5.26217583088e-12, 2.24203324142e-09, -3.98073387603e-11, -1.62014951949e-11, 4.85309831624e-13, 1.76472299640e-10, 8.59199985971e-12, -1.92909711540e-12, 4.92936746070e-14, -3.98657808623e-06
-2.526740759145657, .3489350415113219, -.0072882892636906, -.0001116694093168, .3129453518474608, -.0275706150345855, .0007787604347329, 1.37681379253e-07, -.1696461457409693, -.0070279554551471, .0004617167930522, -3.98657808623e-06, 6629.922741792468
residvcv
2352491.187779515
